1 1 112
1 2 140
1 3 168
1 4 196
1 5 224
1 6 252
1 7 280
1 8 308
1 9 336
1 10 364
1 11 392
1 12 420
1 13 448
1 14 476
1 15 504
1 16 532
1 17 560
1 18 588
1 19 616
1 20 644
1 21 672
1 22 700
1 23 728
1 24 756
1 25 784
1 26 812
1 27 840
1 28 868
1 29 896
1 30 924
1 31 952
1 32 960
2 1 113
2 2 143
2 3 173
2 4 203
2 5 233
2 6 263
2 7 293
2 8 323
2 9 352
2 10 381
2 11 410
2 12 439
2 13 468
2 14 497
2 15 526
2 16 555
2 17 584
2 18 614
2 19 644
2 20 674
2 21 704
2 22 734
2 23 764
2 24 794
2 25 823
2 26 852
2 27 881
2 28 910
2 29 939
2 30 968
2 31 997
2 32 1006
3 1 114
3 2 145
3 3 176
3 4 207
3 5 238
3 6 269
3 7 300
3 8 330
3 9 360
3 10 390
3 11 420
3 12 450
3 13 480
3 14 510
3 15 540
3 16 570
3 17 601
3 18 632
3 19 663
3 20 694
3 21 725
3 22 756
3 23 787
3 24 817
3 25 847
3 26 877
3 27 907
3 28 937
3 29 967
3 30 997
3 31 1027
3 32 1037
4 1 115
4 2 147
4 3 179
4 4 211
4 5 243
4 6 275
4 7 306
4 8 337
4 9 368
4 10 399
4 11 430
4 12 461
4 13 492
4 14 523
4 15 554
4 16 586
4 17 618
4 18 650
4 19 682
4 20 714
4 21 746
4 22 778
4 23 809
4 24 840
4 25 871
4 26 902
4 27 933
4 28 964
4 29 995
4 30 1026
4 31 1057
4 32 1069
5 1 116
5 2 149
5 3 182
5 4 215
5 5 248
5 6 280
5 7 312
5 8 344
5 9 376
5 10 408
5 11 440
5 12 472
5 13 504
5 14 536
5 15 569
5 16 602
5 17 635
5 18 668
5 19 701
5 20 734
5 21 767
5 22 799
5 23 831
5 24 863
5 25 895
5 26 927
5 27 959
5 28 991
5 29 1023
5 30 1055
5 31 1088
5 32 1101
6 1 117
6 2 151
6 3 185
6 4 219
6 5 252
6 6 285
6 7 318
6 8 351
6 9 384
6 10 417
6 11 450
6 12 483
6 13 516
6 14 550
6 15 584
6 16 618
6 17 652
6 18 686
6 19 720
6 20 754
6 21 787
6 22 820
6 23 853
6 24 886
6 25 919
6 26 952
6 27 985
6 28 1018
6 29 1051
6 30 1085
6 31 1119
6 32 1133
7 1 118
7 2 153
7 3 188
7 4 222
7 5 256
7 6 290
7 7 324
7 8 358
7 9 392
7 10 426
7 11 460
7 12 494
7 13 529
7 14 564
7 15 599
7 16 634
7 17 669
7 18 704
7 19 739
7 20 773
7 21 807
7 22 841
7 23 875
7 24 909
7 25 943
7 26 977
7 27 1011
7 28 1045
7 29 1080
7 30 1115
7 31 1150
7 32 1165
8 1 119
8 2 155
8 3 190
8 4 225
8 5 260
8 6 295
8 7 330
8 8 365
8 9 400
8 10 435
8 11 470
8 12 506
8 13 542
8 14 578
8 15 614
8 16 650
8 17 686
8 18 722
8 19 757
8 20 792
8 21 827
8 22 862
8 23 897
8 24 932
8 25 967
8 26 1002
8 27 1037
8 28 1073
8 29 1109
8 30 1145
8 31 1181
8 32 1197
9 1 120
9 2 156
9 3 192
9 4 228
9 5 264
9 6 300
9 7 336
9 8 372
9 9 408
9 10 445
9 11 482
9 12 519
9 13 556
9 14 593
9 15 630
9 16 667
9 17 704
9 18 740
9 19 776
9 20 812
9 21 848
9 22 884
9 23 920
9 24 956
9 25 992
9 26 1028
9 27 1065
9 28 1102
9 29 1139
9 30 1176
9 31 1213
9 32 1230
10 1 121
10 2 158
10 3 195
10 4 232
10 5 269
10 6 306
10 7 343
10 8 380
10 9 417
10 10 455
10 11 493
10 12 531
10 13 569
10 14 607
10 15 645
10 16 683
10 17 720
10 18 757
10 19 794
10 20 831
10 21 868
10 22 905
10 23 942
10 24 979
10 25 1016
10 26 1054
10 27 1092
10 28 1130
10 29 1168
10 30 1206
10 31 1244
10 32 1262
11 1 122
11 2 160
11 3 198
11 4 236
11 5 274
11 6 312
11 7 350
11 8 388
11 9 427
11 10 466
11 11 505
11 12 544
11 13 583
11 14 622
11 15 661
11 16 699
11 17 737
11 18 775
11 19 813
11 20 851
11 21 889
11 22 927
11 23 965
11 24 1003
11 25 1042
11 26 1081
11 27 1120
11 28 1159
11 29 1198
11 30 1237
11 31 1276
11 32 1294
12 1 123
12 2 162
12 3 201
12 4 240
12 5 279
12 6 318
12 7 357
12 8 397
12 9 437
12 10 477
12 11 517
12 12 557
12 13 597
12 14 637
12 15 676
12 16 715
12 17 754
12 18 793
12 19 832
12 20 871
12 21 910
12 22 949
12 23 988
12 24 1028
12 25 1068
12 26 1108
12 27 1148
12 28 1188
12 29 1228
12 30 1268
12 31 1307
12 32 1326
13 1 124
13 2 164
13 3 204
13 4 244
13 5 284
13 6 324
13 7 365
13 8 405
13 9 446
13 10 486
13 11 527
13 12 567
13 13 608
13 14 648
13 15 688
13 16 728
13 17 768
13 18 808
13 19 848
13 20 888
13 21 928
13 22 968
13 23 1009
13 24 1049
13 25 1090
13 26 1130
13 27 1171
13 28 1211
13 29 1252
13 30 1292
13 31 1332
13 32 1352
14 1 125
14 2 166
14 3 207
14 4 248
14 5 289
14 6 330
14 7 371
14 8 412
14 9 453
14 10 494
14 11 535
14 12 576
14 13 617
14 14 658
14 15 699
14 16 740
14 17 781
14 18 822
14 19 863
14 20 904
14 21 945
14 22 986
14 23 1027
14 24 1068
14 25 1109
14 26 1150
14 27 1191
14 28 1232
14 29 1273
14 30 1314
14 31 1355
14 32 1376
15 1 126
15 2 168
15 3 210
15 4 252
15 5 294
15 6 337
15 7 380
15 8 423
15 9 466
15 10 509
15 11 552
15 12 595
15 13 637
15 14 679
15 15 721
15 16 763
15 17 805
15 18 847
15 19 889
15 20 931
15 21 973
15 22 1016
15 23 1059
15 24 1102
15 25 1145
15 26 1188
15 27 1231
15 28 1274
15 29 1316
15 30 1358
15 31 1400
15 32 1422
16 1 127
16 2 170
16 3 213
16 4 256
16 5 300
16 6 344
16 7 388
16 8 432
16 9 476
16 10 520
16 11 564
16 12 607
16 13 650
16 14 693
16 15 736
16 16 779
16 17 822
16 18 865
16 19 908
16 20 951
16 21 995
16 22 1039
16 23 1083
16 24 1127
16 25 1171
16 26 1215
16 27 1259
16 28 1302
16 29 1345
16 30 1388
16 31 1431
16 32 1454
17 1 129
17 2 174
17 3 220
17 4 266
17 5 312
17 6 358
17 7 404
17 8 450
17 9 496
17 10 541
17 11 586
17 12 631
17 13 676
17 14 721
17 15 766
17 16 811
17 17 856
17 18 901
17 19 947
17 20 993
17 21 1039
17 22 1085
17 23 1131
17 24 1177
17 25 1223
17 26 1268
17 27 1313
17 28 1358
17 29 1403
17 30 1448
17 31 1493
17 32 1518
18 1 130
18 2 177
18 3 224
18 4 271
18 5 318
18 6 365
18 7 412
18 8 459
18 9 505
18 10 551
18 11 597
18 12 643
18 13 689
18 14 735
18 15 781
18 16 827
18 17 873
18 18 920
18 19 967
18 20 1014
18 21 1061
18 22 1108
18 23 1155
18 24 1202
18 25 1248
18 26 1294
18 27 1340
18 28 1386
18 29 1432
18 30 1478
18 31 1524
18 32 1550
19 1 131
19 2 179
19 3 227
19 4 275
19 5 323
19 6 371
19 7 419
19 8 466
19 9 513
19 10 560
19 11 607
19 12 654
19 13 701
19 14 748
19 15 795
19 16 842
19 17 890
19 18 938
19 19 986
19 20 1034
19 21 1082
19 22 1130
19 23 1178
19 24 1225
19 25 1272
19 26 1319
19 27 1366
19 28 1413
19 29 1460
19 30 1507
19 31 1554
19 32 1581
20 1 132
20 2 181
20 3 230
20 4 279
20 5 328
20 6 377
20 7 425
20 8 473
20 9 521
20 10 569
20 11 617
20 12 665
20 13 713
20 14 761
20 15 809
20 16 858
20 17 907
20 18 956
20 19 1005
20 20 1054
20 21 1103
20 22 1152
20 23 1200
20 24 1248
20 25 1296
20 26 1344
20 27 1392
20 28 1440
20 29 1488
20 30 1536
20 31 1584
20 32 1613
21 1 133
21 2 183
21 3 233
21 4 283
21 5 333
21 6 382
21 7 431
21 8 480
21 9 529
21 10 578
21 11 627
21 12 676
21 13 725
21 14 774
21 15 824
21 16 874
21 17 924
21 18 974
21 19 1024
21 20 1074
21 21 1124
21 22 1173
21 23 1222
21 24 1271
21 25 1320
21 26 1369
21 27 1418
21 28 1467
21 29 1516
21 30 1565
21 31 1615
21 32 1645
22 1 134
22 2 185
22 3 236
22 4 287
22 5 337
22 6 387
22 7 437
22 8 487
22 9 537
22 10 587
22 11 637
22 12 687
22 13 737
22 14 788
22 15 839
22 16 890
22 17 941
22 18 992
22 19 1043
22 20 1094
22 21 1144
22 22 1194
22 23 1244
22 24 1294
22 25 1344
22 26 1394
22 27 1444
22 28 1494
22 29 1544
22 30 1595
22 31 1646
22 32 1677
23 1 135
23 2 187
23 3 239
23 4 290
23 5 341
23 6 392
23 7 443
23 8 494
23 9 545
23 10 596
23 11 647
23 12 698
23 13 750
23 14 802
23 15 854
23 16 906
23 17 958
23 18 1010
23 19 1062
23 20 1113
23 21 1164
23 22 1215
23 23 1266
23 24 1317
23 25 1368
23 26 1419
23 27 1470
23 28 1521
23 29 1573
23 30 1625
23 31 1677
23 32 1709
24 1 136
24 2 189
24 3 241
24 4 293
24 5 345
24 6 397
24 7 449
24 8 501
24 9 553
24 10 605
24 11 657
24 12 710
24 13 763
24 14 816
24 15 869
24 16 922
24 17 975
24 18 1028
24 19 1080
24 20 1132
24 21 1184
24 22 1236
24 23 1288
24 24 1340
24 25 1392
24 26 1444
24 27 1496
24 28 1549
24 29 1602
24 30 1655
24 31 1708
24 32 1741
25 1 137
25 2 190
25 3 243
25 4 296
25 5 349
25 6 402
25 7 455
25 8 508
25 9 561
25 10 615
25 11 668
25 12 722
25 13 775
25 14 829
25 15 882
25 16 936
25 17 989
25 18 1042
25 19 1095
25 20 1148
25 21 1201
25 22 1254
25 23 1307
25 24 1360
25 25 1413
25 26 1467
25 27 1520
25 28 1574
25 29 1627
25 30 1681
25 31 1734
25 32 1768
26 1 138
26 2 192
26 3 246
26 4 300
26 5 354
26 6 408
26 7 462
26 8 516
26 9 570
26 10 624
26 11 678
26 12 732
26 13 786
26 14 840
26 15 894
26 16 948
26 17 1002
26 18 1056
26 19 1110
26 20 1164
26 21 1218
26 22 1272
26 23 1326
26 24 1380
26 25 1434
26 26 1488
26 27 1542
26 28 1596
26 29 1650
26 30 1704
26 31 1758
26 32 1792
27 1 139
27 2 194
27 3 249
27 4 304
27 5 359
27 6 414
27 7 469
27 8 524
27 9 579
27 10 635
27 11 691
27 12 747
27 13 803
27 14 859
27 15 915
27 16 971
27 17 1026
27 18 1081
27 19 1136
27 20 1191
27 21 1246
27 22 1301
27 23 1356
27 24 1411
27 25 1466
27 26 1522
27 27 1578
27 28 1634
27 29 1690
27 30 1746
27 31 1802
27 32 1838
28 1 140
28 2 196
28 3 252
28 4 308
28 5 364
28 6 420
28 7 476
28 8 532
28 9 589
28 10 646
28 11 703
28 12 760
28 13 817
28 14 874
28 15 931
28 16 987
28 17 1043
28 18 1099
28 19 1155
28 20 1211
28 21 1267
28 22 1323
28 23 1379
28 24 1435
28 25 1492
28 26 1549
28 27 1606
28 28 1663
28 29 1720
28 30 1777
28 31 1834
28 32 1870
29 1 142
29 2 200
29 3 258
29 4 316
29 5 374
29 6 432
29 7 491
29 8 550
29 9 609
29 10 668
29 11 727
29 12 786
29 13 845
29 14 903
29 15 961
29 16 1019
29 17 1077
29 18 1135
29 19 1193
29 20 1251
29 21 1309
29 22 1367
29 23 1426
29 24 1485
29 25 1544
29 26 1603
29 27 1662
29 28 1721
29 29 1780
29 30 1838
29 31 1896
29 32 1934
30 1 143
30 2 202
30 3 261
30 4 320
30 5 379
30 6 439
30 7 499
30 8 559
30 9 619
30 10 679
30 11 739
30 12 799
30 13 858
30 14 917
30 15 976
30 16 1035
30 17 1094
30 18 1153
30 19 1212
30 20 1271
30 21 1330
30 22 1390
30 23 1450
30 24 1510
30 25 1570
30 26 1630
30 27 1690
30 28 1750
30 29 1809
30 30 1868
30 31 1927
30 32 1966
31 1 144
31 2 204
31 3 264
31 4 324
31 5 385
31 6 446
31 7 507
31 8 568
31 9 629
31 10 690
31 11 751
31 12 811
31 13 871
31 14 931
31 15 991
31 16 1051
31 17 1111
31 18 1171
31 19 1231
31 20 1291
31 21 1352
31 22 1413
31 23 1474
31 24 1535
31 25 1596
31 26 1657
31 27 1718
31 28 1778
31 29 1838
31 30 1898
31 31 1958
31 32 1998
32 1 145
32 2 206
32 3 267
32 4 329
32 5 391
32 6 453
32 7 515
32 8 577
32 9 639
32 10 701
32 11 762
32 12 823
32 13 884
32 14 945
32 15 1006
32 16 1067
32 17 1128
32 18 1189
32 19 1250
32 20 1312
32 21 1374
32 22 1436
32 23 1498
32 24 1560
32 25 1622
32 26 1684
32 27 1745
32 28 1806
32 29 1867
32 30 1931
32 31 1998
32 32 2046
33 1 146
33 2 208
33 3 271
33 4 334
33 5 397
33 6 460
33 7 523
33 8 586
33 9 649
33 10 711
33 11 773
33 12 835
33 13 897
33 14 959
33 15 1021
33 16 1083
33 17 1145
33 18 1207
33 19 1270
33 20 1333
33 21 1396
33 22 1466
33 23 1539
33 24 1610
33 25 1682
33 26 1754
33 27 1826
33 28 1898
33 29 1970
33 30 2042
33 31 2114
33 32 2166
34 1 147
34 2 211
34 3 275
34 4 339
34 5 403
34 6 467
34 7 531
34 8 595
34 9 658
34 10 721
34 11 784
34 12 847
34 13 910
34 14 973
34 15 1036
34 16 1099
34 17 1162
34 18 1226
34 19 1290
34 20 1354
34 21 1420
34 22 1493
34 23 1565
34 24 1639
34 25 1711
34 26 1785
34 27 1857
34 28 1931
34 29 2003
34 30 2077
34 31 2149
34 32 2203
35 1 148
35 2 213
35 3 278
35 4 343
35 5 408
35 6 473
35 7 538
35 8 602
35 9 666
35 10 730
35 11 794
35 12 858
35 13 922
35 14 986
35 15 1050
35 16 1114
35 17 1179
35 18 1244
35 19 1313
35 20 1387
35 21 1463
35 22 1537
35 23 1613
35 24 1687
35 25 1763
35 26 1837
35 27 1913
35 28 1987
35 29 2063
35 30 2137
35 31 2213
35 32 2267
36 1 149
36 2 215
36 3 281
36 4 347
36 5 413
36 6 479
36 7 544
36 8 609
36 9 674
36 10 739
36 11 804
36 12 869
36 13 934
36 14 999
36 15 1064
36 16 1130
36 17 1197
36 18 1274
36 19 1351
36 20 1428
36 21 1505
36 22 1582
36 23 1659
36 24 1736
36 25 1813
36 26 1890
36 27 1967
36 28 2044
36 29 2121
36 30 2198
36 31 2275
36 32 2332
37 1 150
37 2 217
37 3 283
37 4 350
37 5 416
37 6 482
37 7 548
37 8 614
37 9 680
37 10 746
37 11 812
37 12 878
37 13 944
37 14 1011
37 15 1077
37 16 1152
37 17 1230
37 18 1310
37 19 1388
37 20 1467
37 21 1546
37 22 1625
37 23 1704
37 24 1783
37 25 1862
37 26 1941
37 27 2020
37 28 2099
37 29 2179
37 30 2257
37 31 2336
37 32 2396
38 1 151
38 2 218
38 3 285
38 4 352
38 5 419
38 6 486
38 7 553
38 8 620
38 9 687
38 10 754
38 11 821
38 12 888
38 13 955
38 14 1022
38 15 1102
38 16 1184
38 17 1265
38 18 1345
38 19 1427
38 20 1507
38 21 1589
38 22 1669
38 23 1751
38 24 1831
38 25 1913
38 26 1993
38 27 2075
38 28 2156
38 29 2236
38 30 2318
38 31 2399
38 32 2459
39 1 152
39 2 221
39 3 290
39 4 359
39 5 427
39 6 495
39 7 563
39 8 631
39 9 699
39 10 767
39 11 835
39 12 903
39 13 971
39 14 1050
39 15 1134
39 16 1217
39 17 1300
39 18 1383
39 19 1466
39 20 1549
39 21 1632
39 22 1715
39 23 1798
39 24 1881
39 25 1964
39 26 2047
39 27 2130
39 28 2213
39 29 2296
39 30 2379
39 31 2462
39 32 2525
40 1 153
40 2 223
40 3 293
40 4 362
40 5 431
40 6 500
40 7 569
40 8 638
40 9 707
40 10 776
40 11 845
40 12 914
40 13 993
40 14 1079
40 15 1163
40 16 1249
40 17 1333
40 18 1419
40 19 1503
40 20 1589
40 21 1673
40 22 1759
40 23 1843
40 24 1929
40 25 2013
40 26 2099
40 27 2183
40 28 2269
40 29 2353
40 30 2439
40 31 2523
40 32 2589
41 1 155
41 2 226
41 3 297
41 4 368
41 5 439
41 6 510
41 7 581
41 8 652
41 9 723
41 10 795
41 11 867
41 12 939
41 13 1019
41 14 1106
41 15 1193
41 16 1280
41 17 1367
41 18 1454
41 19 1541
41 20 1628
41 21 1715
41 22 1802
41 23 1889
41 24 1976
41 25 2063
41 26 2150
41 27 2237
41 28 2324
41 29 2411
41 30 2498
41 31 2585
41 32 2652
42 1 156
42 2 228
42 3 300
42 4 372
42 5 444
42 6 516
42 7 588
42 8 660
42 9 732
42 10 805
42 11 878
42 12 958
42 13 1046
42 14 1135
42 15 1224
42 16 1313
42 17 1402
42 18 1491
42 19 1580
42 20 1669
42 21 1758
42 22 1847
42 23 1936
42 24 2025
42 25 2114
42 26 2203
42 27 2292
42 28 2381
42 29 2470
42 30 2559
42 31 2648
42 32 2717
43 1 157
43 2 230
43 3 303
43 4 376
43 5 449
43 6 522
43 7 595
43 8 668
43 9 742
43 10 816
43 11 891
43 12 981
43 13 1072
43 14 1163
43 15 1254
43 16 1345
43 17 1436
43 18 1527
43 19 1618
43 20 1709
43 21 1800
43 22 1891
43 23 1982
43 24 2073
43 25 2164
43 26 2255
43 27 2346
43 28 2437
43 29 2528
43 30 2619
43 31 2710
43 32 2781
44 1 158
44 2 232
44 3 306
44 4 380
44 5 454
44 6 528
44 7 602
44 8 677
44 9 752
44 10 827
44 11 912
44 12 1005
44 13 1098
44 14 1191
44 15 1284
44 16 1377
44 17 1470
44 18 1563
44 19 1656
44 20 1749
44 21 1842
44 22 1935
44 23 2028
44 24 2121
44 25 2214
44 26 2307
44 27 2400
44 28 2493
44 29 2586
44 30 2679
44 31 2772
44 32 2845
45 1 159
45 2 234
45 3 309
45 4 384
45 5 459
45 6 534
45 7 610
45 8 686
45 9 762
45 10 840
45 11 934
45 12 1029
45 13 1124
45 14 1219
45 15 1314
45 16 1409
45 17 1504
45 18 1599
45 19 1694
45 20 1789
45 21 1884
45 22 1979
45 23 2074
45 24 2169
45 25 2264
45 26 2359
45 27 2454
45 28 2549
45 29 2644
45 30 2739
45 31 2834
45 32 2909
46 1 160
46 2 236
46 3 312
46 4 388
46 5 464
46 6 541
46 7 618
46 8 695
46 9 772
46 10 859
46 11 957
46 12 1053
46 13 1150
46 14 1247
46 15 1344
46 16 1441
46 17 1538
46 18 1635
46 19 1732
46 20 1829
46 21 1927
46 22 2023
46 23 2120
46 24 2218
46 25 2314
46 26 2411
46 27 2509
46 28 2605
46 29 2702
46 30 2799
46 31 2896
46 32 2973
47 1 161
47 2 238
47 3 315
47 4 392
47 5 470
47 6 548
47 7 626
47 8 704
47 9 782
47 10 881
47 11 979
47 12 1078
47 13 1177
47 14 1276
47 15 1375
47 16 1474
47 17 1573
47 18 1672
47 19 1771
47 20 1870
47 21 1969
47 22 2068
47 23 2167
47 24 2266
47 25 2365
47 26 2464
47 27 2563
47 28 2662
47 29 2761
47 30 2860
47 31 2959
47 32 3038
48 1 162
48 2 240
48 3 318
48 4 397
48 5 476
48 6 555
48 7 634
48 8 713
48 9 800
48 10 900
48 11 1001
48 12 1102
48 13 1203
48 14 1304
48 15 1405
48 16 1506
48 17 1607
48 18 1708
48 19 1810
48 20 1910
48 21 2012
48 22 2112
48 23 2214
48 24 2314
48 25 2416
48 26 2516
48 27 2617
48 28 2718
48 29 2819
48 30 2920
48 31 3021
48 32 3102
49 1 163
49 2 242
49 3 322
49 4 401
49 5 481
49 6 560
49 7 640
49 8 725
49 9 829
49 10 934
49 11 1039
49 12 1144
49 13 1249
49 14 1354
49 15 1459
49 16 1564
49 17 1669
49 18 1775
49 19 1879
49 20 1985
49 21 2089
49 22 2195
49 23 2299
49 24 2405
49 25 2509
49 26 2614
49 27 2719
49 28 2824
49 29 2929
49 30 3034
49 31 3139
49 32 3224
50 1 164
50 2 244
50 3 324
50 4 404
50 5 484
50 6 564
50 7 644
50 8 735
50 9 841
50 10 947
50 11 1053
50 12 1159
50 13 1265
50 14 1371
50 15 1477
50 16 1583
50 17 1690
50 18 1796
50 19 1902
50 20 2008
50 21 2114
50 22 2220
50 23 2326
50 24 2432
50 25 2538
50 26 2644
50 27 2750
50 28 2856
50 29 2962
50 30 3068
50 31 3174
50 32 3260
51 1 165
51 2 247
51 3 329
51 4 411
51 5 493
51 6 575
51 7 657
51 8 751
51 9 859
51 10 967
51 11 1075
51 12 1183
51 13 1291
51 14 1399
51 15 1508
51 16 1615
51 17 1724
51 18 1831
51 19 1940
51 20 2047
51 21 2156
51 22 2263
51 23 2371
51 24 2479
51 25 2587
51 26 2695
51 27 2803
51 28 2911
51 29 3019
51 30 3127
51 31 3236
51 32 3323
52 1 166
52 2 249
52 3 332
52 4 415
52 5 498
52 6 581
52 7 664
52 8 767
52 9 878
52 10 987
52 11 1098
52 12 1207
52 13 1318
52 14 1427
52 15 1538
52 16 1648
52 17 1757
52 18 1868
52 19 1978
52 20 2087
52 21 2198
52 22 2307
52 23 2418
52 24 2527
52 25 2638
52 26 2747
52 27 2858
52 28 2967
52 29 3078
52 30 3188
52 31 3297
52 32 3388
53 1 168
53 2 253
53 3 338
53 4 423
53 5 508
53 6 592
53 7 676
53 8 784
53 9 896
53 10 1008
53 11 1120
53 12 1232
53 13 1344
53 14 1456
53 15 1568
53 16 1680
53 17 1792
53 18 1904
53 19 2016
53 20 2128
53 21 2240
53 22 2352
53 23 2464
53 24 2576
53 25 2688
53 26 2800
53 27 2912
53 28 3024
53 29 3136
53 30 3248
53 31 3360
53 32 3452
54 1 169
54 2 255
54 3 341
54 4 427
54 5 512
54 6 597
54 7 687
54 8 800
54 9 914
54 10 1028
54 11 1142
54 12 1256
54 13 1371
54 14 1484
54 15 1598
54 16 1713
54 17 1826
54 18 1940
54 19 2055
54 20 2168
54 21 2282
54 22 2396
54 23 2510
54 24 2624
54 25 2738
54 26 2852
54 27 2966
54 28 3080
54 29 3195
54 30 3308
54 31 3422
54 32 3517
55 1 170
55 2 257
55 3 344
55 4 430
55 5 516
55 6 602
55 7 700
55 8 816
55 9 932
55 10 1048
55 11 1164
55 12 1281
55 13 1396
55 14 1513
55 15 1628
55 16 1745
55 17 1860
55 18 1977
55 19 2092
55 20 2208
55 21 2324
55 22 2440
55 23 2556
55 24 2672
55 25 2788
55 26 2904
55 27 3020
55 28 3137
55 29 3252
55 30 3369
55 31 3484
55 32 3581
56 1 171
56 2 259
56 3 346
56 4 433
56 5 520
56 6 607
56 7 714
56 8 832
56 9 950
56 10 1068
56 11 1186
56 12 1304
56 13 1422
56 14 1540
56 15 1658
56 16 1776
56 17 1894
56 18 2012
56 19 2130
56 20 2248
56 21 2366
56 22 2484
56 23 2602
56 24 2720
56 25 2838
56 26 2956
56 27 3074
56 28 3192
56 29 3310
56 30 3428
56 31 3546
56 32 3644
57 1 172
57 2 260
57 3 348
57 4 436
57 5 524
57 6 612
57 7 728
57 8 848
57 9 969
57 10 1088
57 11 1208
57 12 1329
57 13 1448
57 14 1568
57 15 1689
57 16 1808
57 17 1928
57 18 2048
57 19 2168
57 20 2288
57 21 2408
57 22 2528
57 23 2648
57 24 2768
57 25 2888
57 26 3009
57 27 3128
57 28 3248
57 29 3369
57 30 3488
57 31 3608
57 32 3709
58 1 173
58 2 262
58 3 351
58 4 440
58 5 529
58 6 622
58 7 743
58 8 866
58 9 987
58 10 1110
58 11 1231
58 12 1354
58 13 1475
58 14 1598
58 15 1719
58 16 1842
58 17 1963
58 18 2086
58 19 2207
58 20 2330
58 21 2451
58 22 2574
58 23 2695
58 24 2818
58 25 2939
58 26 3062
58 27 3183
58 28 3306
58 29 3427
58 30 3550
58 31 3671
58 32 3774
59 1 174
59 2 264
59 3 354
59 4 444
59 5 534
59 6 633
59 7 757
59 8 881
59 9 1005
59 10 1129
59 11 1253
59 12 1377
59 13 1501
59 14 1625
59 15 1749
59 16 1873
59 17 1997
59 18 2121
59 19 2245
59 20 2369
59 21 2493
59 22 2617
59 23 2741
59 24 2865
59 25 2989
59 26 3113
59 27 3237
59 28 3361
59 29 3485
59 30 3609
59 31 3733
59 32 3837
60 1 175
60 2 266
60 3 357
60 4 448
60 5 539
60 6 645
60 7 771
60 8 897
60 9 1023
60 10 1149
60 11 1275
60 12 1401
60 13 1527
60 14 1653
60 15 1779
60 16 1905
60 17 2031
60 18 2157
60 19 2283
60 20 2409
60 21 2535
60 22 2661
60 23 2787
60 24 2913
60 25 3039
60 26 3165
60 27 3291
60 28 3417
60 29 3543
60 30 3669
60 31 3795
60 32 3901
61 1 176
61 2 268
61 3 360
61 4 452
61 5 544
61 6 657
61 7 786
61 8 913
61 9 1042
61 10 1169
61 11 1298
61 12 1425
61 13 1554
61 14 1681
61 15 1810
61 16 1937
61 17 2066
61 18 2193
61 19 2322
61 20 2449
61 21 2578
61 22 2705
61 23 2834
61 24 2961
61 25 3090
61 26 3217
61 27 3346
61 28 3473
61 29 3602
61 30 3729
61 31 3858
61 32 3965
62 1 177
62 2 270
62 3 363
62 4 456
62 5 549
62 6 670
62 7 800
62 8 930
62 9 1060
62 10 1190
62 11 1320
62 12 1450
62 13 1580
62 14 1710
62 15 1840
62 16 1970
62 17 2100
62 18 2230
62 19 2360
62 20 2490
62 21 2620
62 22 2750
62 23 2880
62 24 3010
62 25 3140
62 26 3270
62 27 3400
62 28 3530
62 29 3660
62 30 3790
62 31 3920
62 32 4030
63 1 178
63 2 272
63 3 366
63 4 460
63 5 554
63 6 682
63 7 814
63 8 946
63 9 1078
63 10 1210
63 11 1342
63 12 1474
63 13 1606
63 14 1738
63 15 1870
63 16 2002
63 17 2134
63 18 2266
63 19 2398
63 20 2530
63 21 2662
63 22 2794
63 23 2926
63 24 3058
63 25 3190
63 26 3322
63 27 3454
63 28 3586
63 29 3718
63 30 3850
63 31 3982
63 32 4094
64 1 179
64 2 274
64 3 369
64 4 464
64 5 561
64 6 695
64 7 828
64 8 963
64 9 1096
64 10 1230
64 11 1364
64 12 1498
64 13 1632
64 14 1766
64 15 1900
64 16 2034
64 17 2168
64 18 2303
64 19 2436
64 20 2571
64 21 2704
64 22 2839
64 23 2972
64 24 3107
64 25 3240
64 26 3374
64 27 3508
64 28 3642
64 29 3776
64 30 3910
64 31 4044
64 32 4158
65 1 181
65 2 278
65 3 376
65 4 474
65 5 576
65 6 714
65 7 852
65 8 990
65 9 1128
65 10 1266
65 11 1404
65 12 1542
65 13 1680
65 14 1818
65 15 1956
65 16 2094
65 17 2232
65 18 2370
65 19 2508
65 20 2646
65 21 2784
65 22 2922
65 23 3060
65 24 3198
65 25 3336
65 26 3474
65 27 3612
65 28 3750
65 29 3888
65 30 4026
65 31 4164
65 32 4282
66 1 182
66 2 281
66 3 380
66 4 479
66 5 584
66 6 723
66 7 862
66 8 1001
66 9 1140
66 10 1279
66 11 1418
66 12 1557
66 13 1696
66 14 1835
66 15 1974
66 16 2113
66 17 2252
66 18 2391
66 19 2530
66 20 2669
66 21 2808
66 22 2947
66 23 3086
66 24 3225
66 25 3364
66 26 3503
66 27 3642
66 28 3781
66 29 3920
66 30 4059
66 31 4198
66 32 4317
67 1 183
67 2 283
67 3 383
67 4 483
67 5 594
67 6 735
67 7 875
67 8 1017
67 9 1157
67 10 1299
67 11 1439
67 12 1581
67 13 1721
67 14 1863
67 15 2003
67 16 2145
67 17 2286
67 18 2426
67 19 2568
67 20 2709
67 21 2849
67 22 2991
67 23 3131
67 24 3273
67 25 3413
67 26 3555
67 27 3695
67 28 3837
67 29 3977
67 30 4119
67 31 4260
67 32 4380
68 1 184
68 2 285
68 3 386
68 4 487
68 5 604
68 6 746
68 7 889
68 8 1032
68 9 1175
68 10 1318
68 11 1461
68 12 1604
68 13 1747
68 14 1890
68 15 2033
68 16 2176
68 17 2319
68 18 2462
68 19 2605
68 20 2748
68 21 2891
68 22 3034
68 23 3177
68 24 3320
68 25 3463
68 26 3606
68 27 3749
68 28 3892
68 29 4035
68 30 4178
68 31 4321
68 32 4444
69 1 185
69 2 287
69 3 389
69 4 491
69 5 614
69 6 759
69 7 904
69 8 1049
69 9 1194
69 10 1339
69 11 1484
69 12 1629
69 13 1774
69 14 1919
69 15 2064
69 16 2209
69 17 2354
69 18 2499
69 19 2644
69 20 2789
69 21 2934
69 22 3079
69 23 3224
69 24 3369
69 25 3514
69 26 3659
69 27 3804
69 28 3949
69 29 4094
69 30 4239
69 31 4384
69 32 4509
70 1 186
70 2 289
70 3 392
70 4 495
70 5 624
70 6 770
70 7 918
70 8 1064
70 9 1212
70 10 1358
70 11 1506
70 12 1652
70 13 1800
70 14 1947
70 15 2093
70 16 2241
70 17 2388
70 18 2534
70 19 2682
70 20 2828
70 21 2976
70 22 3122
70 23 3270
70 24 3416
70 25 3564
70 26 3710
70 27 3858
70 28 4005
70 29 4151
70 30 4299
70 31 4446
70 32 4572
71 1 187
71 2 291
71 3 395
71 4 498
71 5 634
71 6 783
71 7 932
71 8 1081
71 9 1230
71 10 1379
71 11 1528
71 12 1678
71 13 1826
71 14 1975
71 15 2125
71 16 2273
71 17 2422
71 18 2572
71 19 2720
71 20 2869
71 21 3018
71 22 3167
71 23 3316
71 24 3465
71 25 3614
71 26 3763
71 27 3912
71 28 4062
71 29 4210
71 30 4359
71 31 4509
71 32 4637
72 1 188
72 2 293
72 3 397
72 4 501
72 5 644
72 6 795
72 7 946
72 8 1097
72 9 1248
72 10 1399
72 11 1550
72 12 1701
72 13 1852
72 14 2003
72 15 2154
72 16 2305
72 17 2456
72 18 2607
72 19 2758
72 20 2909
72 21 3060
72 22 3211
72 23 3362
72 24 3513
72 25 3664
72 26 3815
72 27 3966
72 28 4117
72 29 4268
72 30 4419
72 31 4570
72 32 4701
73 1 189
73 2 294
73 3 399
73 4 504
73 5 655
73 6 808
73 7 961
73 8 1114
73 9 1267
73 10 1420
73 11 1573
73 12 1726
73 13 1879
73 14 2032
73 15 2185
73 16 2338
73 17 2491
73 18 2644
73 19 2797
73 20 2950
73 21 3103
73 22 3256
73 23 3409
73 24 3562
73 25 3715
73 26 3868
73 27 4021
73 28 4174
73 29 4327
73 30 4480
73 31 4633
73 32 4766
74 1 190
74 2 296
74 3 402
74 4 509
74 5 664
74 6 819
74 7 974
74 8 1129
74 9 1285
74 10 1439
74 11 1595
74 12 1749
74 13 1905
74 14 2059
74 15 2215
74 16 2369
74 17 2524
74 18 2679
74 19 2834
74 20 2989
74 21 3144
74 22 3299
74 23 3454
74 24 3609
74 25 3765
74 26 3919
74 27 4075
74 28 4229
74 29 4385
74 30 4539
74 31 4695
74 32 4829
75 1 191
75 2 298
75 3 405
75 4 518
75 5 674
75 6 831
75 7 988
75 8 1145
75 9 1302
75 10 1459
75 11 1616
75 12 1773
75 13 1930
75 14 2087
75 15 2244
75 16 2401
75 17 2558
75 18 2715
75 19 2872
75 20 3029
75 21 3186
75 22 3343
75 23 3500
75 24 3657
75 25 3814
75 26 3971
75 27 4128
75 28 4285
75 29 4442
75 30 4599
75 31 4756
75 32 4893
76 1 192
76 2 300
76 3 408
76 4 525
76 5 685
76 6 844
76 7 1003
76 8 1162
76 9 1321
76 10 1480
76 11 1639
76 12 1798
76 13 1957
76 14 2116
76 15 2275
76 16 2434
76 17 2593
76 18 2752
76 19 2911
76 20 3070
76 21 3229
76 22 3388
76 23 3547
76 24 3706
76 25 3865
76 26 4024
76 27 4183
76 28 4342
76 29 4501
76 30 4660
76 31 4819
76 32 4958
77 1 194
77 2 304
77 3 414
77 4 533
77 5 694
77 6 856
77 7 1016
77 8 1178
77 9 1338
77 10 1500
77 11 1660
77 12 1822
77 13 1982
77 14 2143
77 15 2304
77 16 2465
77 17 2626
77 18 2787
77 19 2948
77 20 3109
77 21 3270
77 22 3432
77 23 3592
77 24 3754
77 25 3914
77 26 4076
77 27 4236
77 28 4398
77 29 4558
77 30 4719
77 31 4880
77 32 5021
78 1 195
78 2 306
78 3 417
78 4 542
78 5 704
78 6 867
78 7 1030
78 8 1193
78 9 1356
78 10 1519
78 11 1682
78 12 1845
78 13 2008
78 14 2171
78 15 2334
78 16 2497
78 17 2660
78 18 2823
78 19 2986
78 20 3149
78 21 3312
78 22 3475
78 23 3638
78 24 3801
78 25 3964
78 26 4127
78 27 4290
78 28 4453
78 29 4616
78 30 4779
78 31 4942
78 32 5085
79 1 196
79 2 308
79 3 420
79 4 550
79 5 716
79 6 881
79 7 1046
79 8 1211
79 9 1376
79 10 1541
79 11 1706
79 12 1871
79 13 2036
79 14 2201
79 15 2366
79 16 2531
79 17 2696
79 18 2861
79 19 3026
79 20 3191
79 21 3356
79 22 3521
79 23 3686
79 24 3851
79 25 4016
79 26 4181
79 27 4346
79 28 4511
79 29 4676
79 30 4841
79 31 5006
79 32 5151
80 1 197
80 2 310
80 3 423
80 4 559
80 5 725
80 6 893
80 7 1059
80 8 1227
80 9 1393
80 10 1560
80 11 1727
80 12 1894
80 13 2061
80 14 2228
80 15 2395
80 16 2562
80 17 2729
80 18 2897
80 19 3063
80 20 3231
80 21 3397
80 22 3565
80 23 3731
80 24 3899
80 25 4065
80 26 4232
80 27 4399
80 28 4566
80 29 4733
80 30 4900
80 31 5067
80 32 5214
81 1 198
81 2 312
81 3 427
81 4 570
81 5 741
81 6 912
81 7 1083
81 8 1254
81 9 1425
81 10 1596
81 11 1767
81 12 1938
81 13 2109
81 14 2280
81 15 2451
81 16 2622
81 17 2793
81 18 2964
81 19 3135
81 20 3306
81 21 3477
81 22 3648
81 23 3819
81 24 3990
81 25 4161
81 26 4332
81 27 4503
81 28 4674
81 29 4845
81 30 5016
81 31 5187
81 32 5338
82 1 199
82 2 315
82 3 431
82 4 577
82 5 749
82 6 921
82 7 1093
82 8 1265
82 9 1437
82 10 1609
82 11 1781
82 12 1953
82 13 2125
82 14 2297
82 15 2469
82 16 2641
82 17 2813
82 18 2985
82 19 3157
82 20 3329
82 21 3501
82 22 3673
82 23 3845
82 24 4017
82 25 4189
82 26 4361
82 27 4533
82 28 4705
82 29 4877
82 30 5049
82 31 5221
82 32 5373
83 1 200
83 2 317
83 3 434
83 4 584
83 5 759
83 6 932
83 7 1106
83 8 1280
83 9 1454
83 10 1628
83 11 1802
83 12 1976
83 13 2150
83 14 2324
83 15 2499
83 16 2672
83 17 2847
83 18 3020
83 19 3195
83 20 3368
83 21 3543
83 22 3716
83 23 3890
83 24 4064
83 25 4238
83 26 4412
83 27 4586
83 28 4760
83 29 4934
83 30 5108
83 31 5283
83 32 5436
84 1 201
84 2 319
84 3 437
84 4 592
84 5 768
84 6 944
84 7 1120
84 8 1296
84 9 1472
84 10 1648
84 11 1824
84 12 2000
84 13 2176
84 14 2352
84 15 2528
84 16 2704
84 17 2880
84 18 3056
84 19 3232
84 20 3408
84 21 3584
84 22 3760
84 23 3936
84 24 4112
84 25 4288
84 26 4464
84 27 4640
84 28 4816
84 29 4992
84 30 5168
84 31 5344
84 32 5500
85 1 202
85 2 321
85 3 439
85 4 601
85 5 779
85 6 957
85 7 1135
85 8 1313
85 9 1491
85 10 1669
85 11 1847
85 12 2025
85 13 2203
85 14 2381
85 15 2559
85 16 2737
85 17 2915
85 18 3093
85 19 3271
85 20 3449
85 21 3627
85 22 3805
85 23 3983
85 24 4161
85 25 4339
85 26 4517
85 27 4695
85 28 4873
85 29 5051
85 30 5229
85 31 5407
85 32 5565
86 1 203
86 2 322
86 3 441
86 4 608
86 5 788
86 6 968
86 7 1148
86 8 1328
86 9 1508
86 10 1688
86 11 1868
86 12 2048
86 13 2229
86 14 2408
86 15 2589
86 16 2768
86 17 2949
86 18 3128
86 19 3309
86 20 3488
86 21 3668
86 22 3848
86 23 4028
86 24 4208
86 25 4388
86 26 4568
86 27 4748
86 28 4928
86 29 5109
86 30 5288
86 31 5469
86 32 5628
87 1 204
87 2 325
87 3 446
87 4 617
87 5 799
87 6 981
87 7 1163
87 8 1345
87 9 1527
87 10 1709
87 11 1892
87 12 2073
87 13 2256
87 14 2437
87 15 2620
87 16 2801
87 17 2984
87 18 3165
87 19 3347
87 20 3529
87 21 3711
87 22 3893
87 23 4075
87 24 4257
87 25 4439
87 26 4621
87 27 4804
87 28 4985
87 29 5168
87 30 5349
87 31 5532
87 32 5693
88 1 205
88 2 327
88 3 449
88 4 625
88 5 809
88 6 993
88 7 1177
88 8 1361
88 9 1545
88 10 1729
88 11 1913
88 12 2097
88 13 2281
88 14 2465
88 15 2649
88 16 2833
88 17 3017
88 18 3201
88 19 3385
88 20 3569
88 21 3753
88 22 3937
88 23 4121
88 24 4305
88 25 4489
88 26 4673
88 27 4857
88 28 5041
88 29 5225
88 30 5409
88 31 5593
88 32 5757
89 1 207
89 2 330
89 3 453
89 4 634
89 5 820
89 6 1006
89 7 1192
89 8 1378
89 9 1564
89 10 1750
89 11 1936
89 12 2122
89 13 2308
89 14 2494
89 15 2680
89 16 2866
89 17 3052
89 18 3238
89 19 3424
89 20 3610
89 21 3796
89 22 3982
89 23 4168
89 24 4354
89 25 4540
89 26 4726
89 27 4912
89 28 5098
89 29 5284
89 30 5470
89 31 5656
89 32 5822
90 1 208
90 2 332
90 3 456
90 4 641
90 5 829
90 6 1017
90 7 1205
90 8 1393
90 9 1582
90 10 1769
90 11 1958
90 12 2145
90 13 2334
90 14 2521
90 15 2710
90 16 2897
90 17 3085
90 18 3273
90 19 3461
90 20 3649
90 21 3837
90 22 4025
90 23 4213
90 24 4401
90 25 4590
90 26 4777
90 27 4966
90 28 5153
90 29 5342
90 30 5529
90 31 5718
90 32 5885
91 1 209
91 2 334
91 3 459
91 4 649
91 5 839
91 6 1029
91 7 1219
91 8 1409
91 9 1599
91 10 1789
91 11 1979
91 12 2169
91 13 2359
91 14 2549
91 15 2739
91 16 2929
91 17 3119
91 18 3309
91 19 3499
91 20 3689
91 21 3879
91 22 4069
91 23 4259
91 24 4449
91 25 4639
91 26 4829
91 27 5019
91 28 5209
91 29 5399
91 30 5589
91 31 5779
91 32 5949
92 1 210
92 2 336
92 3 465
92 4 658
92 5 850
92 6 1042
92 7 1234
92 8 1426
92 9 1618
92 10 1810
92 11 2002
92 12 2194
92 13 2386
92 14 2578
92 15 2770
92 16 2962
92 17 3154
92 18 3346
92 19 3538
92 20 3730
92 21 3922
92 22 4114
92 23 4306
92 24 4498
92 25 4690
92 26 4882
92 27 5074
92 28 5266
92 29 5458
92 30 5650
92 31 5842
92 32 6014
93 1 211
93 2 338
93 3 471
93 4 665
93 5 859
93 6 1054
93 7 1247
93 8 1442
93 9 1635
93 10 1830
93 11 2023
93 12 2218
93 13 2411
93 14 2605
93 15 2799
93 16 2993
93 17 3187
93 18 3381
93 19 3575
93 20 3769
93 21 3963
93 22 4158
93 23 4351
93 24 4546
93 25 4739
93 26 4934
93 27 5127
93 28 5322
93 29 5515
93 30 5709
93 31 5903
93 32 6077
94 1 212
94 2 340
94 3 477
94 4 673
94 5 869
94 6 1065
94 7 1261
94 8 1457
94 9 1653
94 10 1849
94 11 2045
94 12 2241
94 13 2437
94 14 2633
94 15 2829
94 16 3025
94 17 3221
94 18 3417
94 19 3613
94 20 3809
94 21 4005
94 22 4201
94 23 4397
94 24 4593
94 25 4789
94 26 4985
94 27 5181
94 28 5377
94 29 5573
94 30 5769
94 31 5965
94 32 6141
95 1 213
95 2 342
95 3 484
95 4 683
95 5 881
95 6 1079
95 7 1277
95 8 1475
95 9 1673
95 10 1871
95 11 2069
95 12 2267
95 13 2465
95 14 2663
95 15 2861
95 16 3059
95 17 3257
95 18 3455
95 19 3653
95 20 3851
95 21 4049
95 22 4247
95 23 4445
95 24 4643
95 25 4841
95 26 5039
95 27 5237
95 28 5435
95 29 5633
95 30 5831
95 31 6029
95 32 6207
96 1 214
96 2 344
96 3 490
96 4 691
96 5 890
96 6 1091
96 7 1290
96 8 1491
96 9 1690
96 10 1890
96 11 2090
96 12 2290
96 13 2490
96 14 2690
96 15 2890
96 16 3090
96 17 3290
96 18 3491
96 19 3690
96 20 3891
96 21 4090
96 22 4291
96 23 4490
96 24 4691
96 25 4890
96 26 5090
96 27 5290
96 28 5490
96 29 5690
96 30 5890
96 31 6090
96 32 6270
97 1 215
97 2 346
97 3 498
97 4 702
97 5 906
97 6 1110
97 7 1314
97 8 1518
97 9 1722
97 10 1926
97 11 2130
97 12 2334
97 13 2538
97 14 2742
97 15 2946
97 16 3150
97 17 3354
97 18 3558
97 19 3762
97 20 3966
97 21 4170
97 22 4374
97 23 4578
97 24 4782
97 25 4986
97 26 5190
97 27 5394
97 28 5598
97 29 5802
97 30 6006
97 31 6210
97 32 6394
98 1 216
98 2 348
98 3 504
98 4 709
98 5 914
98 6 1119
98 7 1324
98 8 1529
98 9 1734
98 10 1939
98 11 2144
98 12 2349
98 13 2554
98 14 2759
98 15 2964
98 16 3169
98 17 3374
98 18 3579
98 19 3784
98 20 3989
98 21 4194
98 22 4399
98 23 4604
98 24 4809
98 25 5014
98 26 5219
98 27 5424
98 28 5629
98 29 5834
98 30 6039
98 31 6244
98 32 6429
99 1 217
99 2 351
99 3 510
99 4 716
99 5 924
99 6 1130
99 7 1337
99 8 1544
99 9 1751
99 10 1958
99 11 2165
99 12 2372
99 13 2579
99 14 2786
99 15 2994
99 16 3200
99 17 3408
99 18 3614
99 19 3822
99 20 4028
99 21 4236
99 22 4442
99 23 4649
99 24 4856
99 25 5063
99 26 5270
99 27 5477
99 28 5684
99 29 5891
99 30 6098
99 31 6306
99 32 6492
100 1 218
100 2 353
100 3 516
100 4 724
100 5 933
100 6 1142
100 7 1351
100 8 1560
100 9 1769
100 10 1978
100 11 2187
100 12 2396
100 13 2605
100 14 2814
100 15 3023
100 16 3232
100 17 3441
100 18 3650
100 19 3859
100 20 4068
100 21 4277
100 22 4486
100 23 4695
100 24 4904
100 25 5113
100 26 5322
100 27 5531
100 28 5740
100 29 5949
100 30 6158
100 31 6367
100 32 6556
101 1 220
101 2 357
101 3 522
101 4 733
101 5 943
101 6 1155
101 7 1365
101 8 1577
101 9 1787
101 10 1999
101 11 2209
101 12 2421
101 13 2631
101 14 2843
101 15 3054
101 16 3264
101 17 3476
101 18 3687
101 19 3897
101 20 4109
101 21 4319
101 22 4531
101 23 4741
101 24 4953
101 25 5163
101 26 5375
101 27 5585
101 28 5797
101 29 6008
101 30 6218
101 31 6430
101 32 6621
102 1 221
102 2 359
102 3 527
102 4 740
102 5 953
102 6 1166
102 7 1379
102 8 1592
102 9 1805
102 10 2018
102 11 2231
102 12 2444
102 13 2657
102 14 2870
102 15 3083
102 16 3296
102 17 3509
102 18 3722
102 19 3935
102 20 4148
102 21 4361
102 22 4574
102 23 4787
102 24 5000
102 25 5213
102 26 5426
102 27 5639
102 28 5852
102 29 6065
102 30 6278
102 31 6491
102 32 6684
103 1 222
103 2 361
103 3 534
103 4 749
103 5 964
103 6 1179
103 7 1394
103 8 1609
103 9 1824
103 10 2039
103 11 2255
103 12 2470
103 13 2685
103 14 2900
103 15 3115
103 16 3330
103 17 3545
103 18 3760
103 19 3975
103 20 4190
103 21 4405
103 22 4620
103 23 4835
103 24 5050
103 25 5265
103 26 5480
103 27 5695
103 28 5910
103 29 6125
103 30 6340
103 31 6555
103 32 6750
104 1 223
104 2 363
104 3 540
104 4 757
104 5 974
104 6 1191
104 7 1408
104 8 1625
104 9 1842
104 10 2059
104 11 2277
104 12 2493
104 13 2710
104 14 2928
104 15 3144
104 16 3361
104 17 3579
104 18 3795
104 19 4012
104 20 4229
104 21 4446
104 22 4663
104 23 4880
104 24 5097
104 25 5314
104 26 5531
104 27 5749
104 28 5965
104 29 6182
104 30 6400
104 31 6616
104 32 6813
105 1 224
105 2 364
105 3 547
105 4 766
105 5 985
105 6 1204
105 7 1423
105 8 1642
105 9 1861
105 10 2080
105 11 2299
105 12 2518
105 13 2737
105 14 2956
105 15 3175
105 16 3394
105 17 3613
105 18 3832
105 19 4051
105 20 4270
105 21 4489
105 22 4708
105 23 4927
105 24 5146
105 25 5365
105 26 5584
105 27 5803
105 28 6022
105 29 6241
105 30 6460
105 31 6679
105 32 6878
106 1 225
106 2 366
106 3 553
106 4 774
106 5 995
106 6 1216
106 7 1437
106 8 1658
106 9 1879
106 10 2100
106 11 2321
106 12 2542
106 13 2763
106 14 2984
106 15 3205
106 16 3426
106 17 3647
106 18 3868
106 19 4089
106 20 4310
106 21 4531
106 22 4752
106 23 4973
106 24 5194
106 25 5415
106 26 5636
106 27 5857
106 28 6078
106 29 6299
106 30 6520
106 31 6741
106 32 6942
107 1 226
107 2 368
107 3 558
107 4 781
107 5 1004
107 6 1227
107 7 1450
107 8 1674
107 9 1896
107 10 2119
107 11 2343
107 12 2565
107 13 2788
107 14 3012
107 15 3234
107 16 3457
107 17 3680
107 18 3903
107 19 4126
107 20 4349
107 21 4572
107 22 4795
107 23 5018
107 24 5242
107 25 5464
107 26 5687
107 27 5911
107 28 6133
107 29 6356
107 30 6580
107 31 6802
107 32 7005
108 1 227
108 2 370
108 3 565
108 4 790
108 5 1015
108 6 1240
108 7 1465
108 8 1690
108 9 1915
108 10 2140
108 11 2365
108 12 2590
108 13 2815
108 14 3040
108 15 3265
108 16 3490
108 17 3715
108 18 3940
108 19 4165
108 20 4390
108 21 4615
108 22 4840
108 23 5065
108 24 5290
108 25 5515
108 26 5740
108 27 5965
108 28 6190
108 29 6415
108 30 6640
108 31 6865
108 32 7070
109 1 228
109 2 372
109 3 571
109 4 798
109 5 1025
109 6 1252
109 7 1479
109 8 1706
109 9 1933
109 10 2160
109 11 2387
109 12 2614
109 13 2841
109 14 3068
109 15 3295
109 16 3522
109 17 3749
109 18 3976
109 19 4203
109 20 4430
109 21 4657
109 22 4884
109 23 5111
109 24 5338
109 25 5565
109 26 5792
109 27 6019
109 28 6246
109 29 6473
109 30 6700
109 31 6927
109 32 7134
110 1 229
110 2 374
110 3 576
110 4 805
110 5 1035
110 6 1263
110 7 1492
110 8 1722
110 9 1950
110 10 2179
110 11 2409
110 12 2637
110 13 2866
110 14 3095
110 15 3324
110 16 3553
110 17 3782
110 18 4011
110 19 4240
110 20 4469
110 21 4699
110 22 4927
110 23 5156
110 24 5386
110 25 5614
110 26 5843
110 27 6073
110 28 6301
110 29 6530
110 30 6759
110 31 6988
110 32 7197
111 1 230
111 2 376
111 3 583
111 4 815
111 5 1046
111 6 1276
111 7 1508
111 8 1739
111 9 1969
111 10 2201
111 11 2431
111 12 2663
111 13 2893
111 14 3125
111 15 3355
111 16 3587
111 17 3817
111 18 4049
111 19 4280
111 20 4510
111 21 4742
111 22 4973
111 23 5203
111 24 5435
111 25 5666
111 26 5896
111 27 6128
111 28 6358
111 29 6590
111 30 6820
111 31 7052
111 32 7262
112 1 231
112 2 378
112 3 589
112 4 822
112 5 1055
112 6 1288
112 7 1521
112 8 1754
112 9 1987
112 10 2220
112 11 2453
112 12 2686
112 13 2919
112 14 3152
112 15 3385
112 16 3618
112 17 3851
112 18 4084
112 19 4317
112 20 4550
112 21 4783
112 22 5016
112 23 5249
112 24 5482
112 25 5715
112 26 5948
112 27 6181
112 28 6414
112 29 6647
112 30 6880
112 31 7113
112 32 7326
113 1 233
113 2 382
113 3 597
113 4 834
113 5 1071
113 6 1308
113 7 1545
113 8 1782
113 9 2019
113 10 2256
113 11 2493
113 12 2730
113 13 2967
113 14 3204
113 15 3441
113 16 3678
113 17 3915
113 18 4152
113 19 4389
113 20 4626
113 21 4863
113 22 5100
113 23 5337
113 24 5574
113 25 5811
113 26 6048
113 27 6285
113 28 6522
113 29 6759
113 30 6996
113 31 7233
113 32 7450
114 1 234
114 2 385
114 3 603
114 4 841
114 5 1079
114 6 1317
114 7 1555
114 8 1793
114 9 2031
114 10 2269
114 11 2507
114 12 2745
114 13 2983
114 14 3221
114 15 3459
114 16 3697
114 17 3935
114 18 4173
114 19 4411
114 20 4649
114 21 4887
114 22 5125
114 23 5363
114 24 5601
114 25 5839
114 26 6077
114 27 6315
114 28 6553
114 29 6791
114 30 7029
114 31 7267
114 32 7485
115 1 235
115 2 387
115 3 609
115 4 848
115 5 1088
115 6 1329
115 7 1568
115 8 1808
115 9 2048
115 10 2288
115 11 2528
115 12 2768
115 13 3008
115 14 3248
115 15 3488
115 16 3729
115 17 3968
115 18 4208
115 19 4449
115 20 4688
115 21 4928
115 22 5169
115 23 5408
115 24 5648
115 25 5888
115 26 6128
115 27 6368
115 28 6608
115 29 6848
115 30 7088
115 31 7328
115 32 7549
116 1 236
116 2 389
116 3 615
116 4 856
116 5 1099
116 6 1340
116 7 1583
116 8 1824
116 9 2067
116 10 2308
116 11 2551
116 12 2792
116 13 3035
116 14 3276
116 15 3519
116 16 3760
116 17 4003
116 18 4244
116 19 4487
116 20 4728
116 21 4971
116 22 5212
116 23 5455
116 24 5696
116 25 5939
116 26 6180
116 27 6423
116 28 6664
116 29 6907
116 30 7148
116 31 7391
116 32 7612
117 1 237
117 2 391
117 3 621
117 4 865
117 5 1109
117 6 1353
117 7 1597
117 8 1841
117 9 2085
117 10 2329
117 11 2573
117 12 2817
117 13 3061
117 14 3305
117 15 3549
117 16 3793
117 17 4037
117 18 4281
117 19 4525
117 20 4769
117 21 5013
117 22 5257
117 23 5501
117 24 5745
117 25 5989
117 26 6233
117 27 6477
117 28 6721
117 29 6965
117 30 7209
117 31 7453
117 32 7677
118 1 238
118 2 393
118 3 626
118 4 872
118 5 1118
118 6 1364
118 7 1610
118 8 1856
118 9 2102
118 10 2348
118 11 2594
118 12 2841
118 13 3086
118 14 3332
118 15 3579
118 16 3824
118 17 4070
118 18 4317
118 19 4562
118 20 4808
118 21 5054
118 22 5300
118 23 5546
118 24 5792
118 25 6038
118 26 6284
118 27 6530
118 28 6776
118 29 7023
118 30 7268
118 31 7514
118 32 7741
119 1 239
119 2 395
119 3 634
119 4 881
119 5 1130
119 6 1377
119 7 1626
119 8 1873
119 9 2122
119 10 2369
119 11 2618
119 12 2866
119 13 3113
119 14 3362
119 15 3610
119 16 3857
119 17 4106
119 18 4354
119 19 4601
119 20 4850
119 21 5097
119 22 5346
119 23 5593
119 24 5842
119 25 6089
119 26 6338
119 27 6585
119 28 6834
119 29 7082
119 30 7329
119 31 7578
119 32 7806
120 1 240
120 2 397
120 3 639
120 4 889
120 5 1139
120 6 1389
120 7 1639
120 8 1889
120 9 2139
120 10 2389
120 11 2639
120 12 2889
120 13 3139
120 14 3389
120 15 3639
120 16 3889
120 17 4139
120 18 4389
120 19 4639
120 20 4889
120 21 5139
120 22 5389
120 23 5639
120 24 5889
120 25 6139
120 26 6389
120 27 6639
120 28 6889
120 29 7139
120 30 7389
120 31 7639
120 32 7869
121 1 241
121 2 398
121 3 645
121 4 897
121 5 1149
121 6 1401
121 7 1653
121 8 1905
121 9 2157
121 10 2409
121 11 2661
121 12 2913
121 13 3165
121 14 3417
121 15 3669
121 16 3921
121 17 4173
121 18 4425
121 19 4677
121 20 4929
121 21 5181
121 22 5433
121 23 5685
121 24 5937
121 25 6189
121 26 6441
121 27 6693
121 28 6945
121 29 7197
121 30 7449
121 31 7701
121 32 7933
122 1 242
122 2 400
122 3 651
122 4 906
122 5 1159
122 6 1414
122 7 1667
122 8 1922
122 9 2175
122 10 2430
122 11 2684
122 12 2937
122 13 3192
122 14 3446
122 15 3699
122 16 3954
122 17 4207
122 18 4462
122 19 4715
122 20 4970
122 21 5223
122 22 5478
122 23 5731
122 24 5986
122 25 6240
122 26 6493
122 27 6748
122 28 7002
122 29 7255
122 30 7510
122 31 7764
122 32 7997
123 1 243
123 2 402
123 3 657
123 4 913
123 5 1169
123 6 1425
123 7 1681
123 8 1937
123 9 2193
123 10 2449
123 11 2705
123 12 2961
123 13 3217
123 14 3473
123 15 3729
123 16 3985
123 17 4241
123 18 4497
123 19 4753
123 20 5009
123 21 5265
123 22 5521
123 23 5777
123 24 6033
123 25 6289
123 26 6545
123 27 6801
123 28 7057
123 29 7313
123 30 7569
123 31 7825
123 32 8061
124 1 244
124 2 405
124 3 663
124 4 921
124 5 1179
124 6 1437
124 7 1695
124 8 1953
124 9 2211
124 10 2469
124 11 2727
124 12 2985
124 13 3243
124 14 3501
124 15 3759
124 16 4017
124 17 4275
124 18 4533
124 19 4791
124 20 5049
124 21 5307
124 22 5565
124 23 5823
124 24 6081
124 25 6339
124 26 6597
124 27 6855
124 28 7113
124 29 7371
124 30 7629
124 31 7887
124 32 8125
125 1 246
125 2 409
125 3 670
125 4 929
125 5 1190
125 6 1449
125 7 1710
125 8 1970
125 9 2229
125 10 2490
125 11 2750
125 12 3009
125 13 3270
125 14 3529
125 15 3790
125 16 4049
125 17 4310
125 18 4569
125 19 4830
125 20 5089
125 21 5350
125 22 5610
125 23 5869
125 24 6130
125 25 6390
125 26 6649
125 27 6910
125 28 7170
125 29 7429
125 30 7690
125 31 7949
125 32 8190
126 1 247
126 2 414
126 3 676
126 4 938
126 5 1200
126 6 1462
126 7 1724
126 8 1986
126 9 2248
126 10 2510
126 11 2772
126 12 3034
126 13 3296
126 14 3558
126 15 3820
126 16 4082
126 17 4344
126 18 4606
126 19 4868
126 20 5130
126 21 5392
126 22 5654
126 23 5916
126 24 6178
126 25 6440
126 26 6702
126 27 6964
126 28 7226
126 29 7488
126 30 7750
126 31 8012
126 32 8254
127 1 248
127 2 418
127 3 682
127 4 946
127 5 1210
127 6 1474
127 7 1738
127 8 2002
127 9 2266
127 10 2530
127 11 2794
127 12 3058
127 13 3322
127 14 3586
127 15 3850
127 16 4114
127 17 4378
127 18 4642
127 19 4906
127 20 5170
127 21 5434
127 22 5698
127 23 5962
127 24 6226
127 25 6490
127 26 6754
127 27 7018
127 28 7282
127 29 7546
127 30 7810
127 31 8074
127 32 8318
128 1 249
128 2 422
128 3 688
128 4 955
128 5 1220
128 6 1486
128 7 1753
128 8 2018
128 9 2284
128 10 2550
128 11 2816
128 12 3082
128 13 3348
128 14 3614
128 15 3880
128 16 4146
128 17 4412
128 18 4679
128 19 4944
128 20 5210
128 21 5477
128 22 5742
128 23 6008
128 24 6275
128 25 6540
128 26 6806
128 27 7072
128 28 7338
128 29 7604
128 30 7870
128 31 8136
128 32 8382
129 1 250
129 2 429
129 3 699
129 4 969
129 5 1239
129 6 1509
129 7 1779
129 8 2049
129 9 2319
129 10 2589
129 11 2859
129 12 3129
129 13 3399
129 14 3669
129 15 3939
129 16 4209
129 17 4479
129 18 4749
129 19 5019
129 20 5289
129 21 5559
129 22 5829
129 23 6099
129 24 6369
129 25 6639
129 26 6909
129 27 7179
129 28 7449
129 29 7719
129 30 7989
129 31 8259
129 32 8509
130 1 251
130 2 432
130 3 703
130 4 974
130 5 1245
130 6 1516
130 7 1787
130 8 2058
130 9 2329
130 10 2600
130 11 2871
130 12 3142
130 13 3413
130 14 3684
130 15 3955
130 16 4226
130 17 4497
130 18 4768
130 19 5039
130 20 5310
130 21 5581
130 22 5852
130 23 6123
130 24 6394
130 25 6665
130 26 6936
130 27 7207
130 28 7478
130 29 7749
130 30 8020
130 31 8291
130 32 8542
131 1 252
131 2 435
131 3 709
131 4 981
131 5 1254
131 6 1528
131 7 1800
131 8 2073
131 9 2346
131 10 2619
131 11 2892
131 12 3165
131 13 3438
131 14 3711
131 15 3984
131 16 4258
131 17 4530
131 18 4803
131 19 5077
131 20 5349
131 21 5622
131 22 5896
131 23 6168
131 24 6441
131 25 6714
131 26 6987
131 27 7260
131 28 7533
131 29 7806
131 30 8079
131 31 8352
131 32 8606
132 1 253
132 2 440
132 3 715
132 4 990
132 5 1265
132 6 1540
132 7 1815
132 8 2090
132 9 2365
132 10 2640
132 11 2915
132 12 3190
132 13 3465
132 14 3740
132 15 4015
132 16 4290
132 17 4565
132 18 4840
132 19 5115
132 20 5390
132 21 5665
132 22 5940
132 23 6215
132 24 6490
132 25 6765
132 26 7040
132 27 7315
132 28 7590
132 29 7865
132 30 8140
132 31 8415
132 32 8670
133 1 254
133 2 444
133 3 721
133 4 998
133 5 1275
133 6 1552
133 7 1829
133 8 2106
133 9 2383
133 10 2660
133 11 2937
133 12 3214
133 13 3491
133 14 3768
133 15 4045
133 16 4322
133 17 4599
133 18 4876
133 19 5153
133 20 5430
133 21 5707
133 22 5984
133 23 6261
133 24 6538
133 25 6815
133 26 7092
133 27 7369
133 28 7646
133 29 7923
133 30 8200
133 31 8477
133 32 8734
134 1 255
134 2 447
134 3 726
134 4 1005
134 5 1284
134 6 1563
134 7 1842
134 8 2121
134 9 2400
134 10 2679
134 11 2958
134 12 3238
134 13 3516
134 14 3796
134 15 4074
134 16 4354
134 17 4632
134 18 4912
134 19 5190
134 20 5469
134 21 5748
134 22 6027
134 23 6306
134 24 6585
134 25 6864
134 26 7143
134 27 7422
134 28 7702
134 29 7980
134 30 8260
134 31 8538
134 32 8798
135 1 256
135 2 452
135 3 733
135 4 1014
135 5 1295
135 6 1576
135 7 1857
135 8 2138
135 9 2419
135 10 2700
135 11 2981
135 12 3262
135 13 3543
135 14 3824
135 15 4105
135 16 4386
135 17 4667
135 18 4948
135 19 5229
135 20 5510
135 21 5791
135 22 6072
135 23 6353
135 24 6634
135 25 6915
135 26 7196
135 27 7477
135 28 7758
135 29 8039
135 30 8320
135 31 8601
135 32 8862
136 1 257
136 2 456
136 3 739
136 4 1022
136 5 1305
136 6 1588
136 7 1871
136 8 2154
136 9 2437
136 10 2720
136 11 3003
136 12 3286
136 13 3569
136 14 3852
136 15 4135
136 16 4418
136 17 4701
136 18 4984
136 19 5267
136 20 5550
136 21 5833
136 22 6116
136 23 6399
136 24 6682
136 25 6965
136 26 7248
136 27 7531
136 28 7814
136 29 8097
136 30 8380
136 31 8663
136 32 8926
137 1 259
137 2 459
137 3 744
137 4 1029
137 5 1314
137 6 1599
137 7 1884
137 8 2169
137 9 2455
137 10 2739
137 11 3025
137 12 3309
137 13 3595
137 14 3879
137 15 4165
137 16 4449
137 17 4734
137 18 5019
137 19 5304
137 20 5589
137 21 5874
137 22 6159
137 23 6444
137 24 6729
137 25 7015
137 26 7299
137 27 7585
137 28 7869
137 29 8155
137 30 8439
137 31 8725
137 32 8989
138 1 260
138 2 464
138 3 751
138 4 1038
138 5 1325
138 6 1612
138 7 1899
138 8 2186
138 9 2473
138 10 2760
138 11 3047
138 12 3334
138 13 3621
138 14 3908
138 15 4195
138 16 4482
138 17 4769
138 18 5056
138 19 5343
138 20 5630
138 21 5917
138 22 6204
138 23 6491
138 24 6778
138 25 7065
138 26 7352
138 27 7639
138 28 7926
138 29 8213
138 30 8500
138 31 8787
138 32 9054
139 1 261
139 2 468
139 3 757
139 4 1046
139 5 1335
139 6 1624
139 7 1913
139 8 2202
139 9 2491
139 10 2780
139 11 3069
139 12 3358
139 13 3647
139 14 3936
139 15 4225
139 16 4514
139 17 4803
139 18 5092
139 19 5381
139 20 5670
139 21 5959
139 22 6248
139 23 6537
139 24 6826
139 25 7115
139 26 7404
139 27 7693
139 28 7982
139 29 8271
139 30 8560
139 31 8849
139 32 9118
140 1 262
140 2 471
140 3 762
140 4 1053
140 5 1344
140 6 1635
140 7 1927
140 8 2217
140 9 2509
140 10 2799
140 11 3091
140 12 3381
140 13 3673
140 14 3963
140 15 4254
140 16 4545
140 17 4836
140 18 5127
140 19 5418
140 20 5709
140 21 6000
140 22 6291
140 23 6583
140 24 6873
140 25 7165
140 26 7455
140 27 7747
140 28 8037
140 29 8329
140 30 8619
140 31 8910
140 32 9181
141 1 263
141 2 476
141 3 769
141 4 1062
141 5 1355
141 6 1648
141 7 1941
141 8 2234
141 9 2527
141 10 2820
141 11 3113
141 12 3406
141 13 3699
141 14 3992
141 15 4285
141 16 4578
141 17 4871
141 18 5164
141 19 5457
141 20 5750
141 21 6043
141 22 6336
141 23 6629
141 24 6922
141 25 7215
141 26 7508
141 27 7801
141 28 8094
141 29 8387
141 30 8680
141 31 8973
141 32 9246
142 1 264
142 2 480
142 3 775
142 4 1070
142 5 1365
142 6 1660
142 7 1955
142 8 2250
142 9 2545
142 10 2840
142 11 3135
142 12 3430
142 13 3725
142 14 4020
142 15 4315
142 16 4610
142 17 4905
142 18 5200
142 19 5495
142 20 5790
142 21 6085
142 22 6380
142 23 6675
142 24 6970
142 25 7265
142 26 7560
142 27 7855
142 28 8150
142 29 8445
142 30 8740
142 31 9035
142 32 9310
143 1 265
143 2 484
143 3 781
143 4 1078
143 5 1375
143 6 1672
143 7 1969
143 8 2266
143 9 2563
143 10 2860
143 11 3157
143 12 3454
143 13 3751
143 14 4048
143 15 4345
143 16 4642
143 17 4939
143 18 5236
143 19 5533
143 20 5830
143 21 6127
143 22 6424
143 23 6721
143 24 7018
143 25 7315
143 26 7612
143 27 7909
143 28 8206
143 29 8503
143 30 8800
143 31 9097
143 32 9374
144 1 266
144 2 489
144 3 788
144 4 1087
144 5 1386
144 6 1685
144 7 1984
144 8 2283
144 9 2582
144 10 2881
144 11 3180
144 12 3479
144 13 3778
144 14 4077
144 15 4376
144 16 4675
144 17 4974
144 18 5273
144 19 5572
144 20 5871
144 21 6170
144 22 6469
144 23 6768
144 24 7067
144 25 7366
144 26 7665
144 27 7964
144 28 8263
144 29 8562
144 30 8861
144 31 9160
144 32 9439
145 1 267
145 2 494
145 3 797
145 4 1100
145 5 1403
145 6 1706
145 7 2009
145 8 2312
145 9 2615
145 10 2918
145 11 3221
145 12 3524
145 13 3827
145 14 4130
145 15 4433
145 16 4736
145 17 5039
145 18 5342
145 19 5645
145 20 5948
145 21 6251
145 22 6554
145 23 6857
145 24 7160
145 25 7463
145 26 7766
145 27 8069
145 28 8372
145 29 8675
145 30 8978
145 31 9281
145 32 9564
146 1 268
146 2 497
146 3 802
146 4 1105
146 5 1410
146 6 1713
146 7 2018
146 8 2321
146 9 2625
146 10 2929
146 11 3233
146 12 3537
146 13 3841
146 14 4145
146 15 4449
146 16 4753
146 17 5058
146 18 5361
146 19 5666
146 20 5969
146 21 6274
146 22 6577
146 23 6882
146 24 7185
146 25 7489
146 26 7793
146 27 8097
146 28 8401
146 29 8705
146 30 9009
146 31 9313
146 32 9597
147 1 269
147 2 502
147 3 808
147 4 1114
147 5 1420
147 6 1726
147 7 2032
147 8 2338
147 9 2644
147 10 2950
147 11 3256
147 12 3562
147 13 3868
147 14 4174
147 15 4480
147 16 4786
147 17 5092
147 18 5398
147 19 5704
147 20 6010
147 21 6316
147 22 6622
147 23 6928
147 24 7234
147 25 7540
147 26 7846
147 27 8152
147 28 8458
147 29 8764
147 30 9070
147 31 9376
147 32 9662
148 1 270
148 2 505
148 3 813
148 4 1121
148 5 1429
148 6 1737
148 7 2045
148 8 2353
148 9 2661
148 10 2969
148 11 3277
148 12 3585
148 13 3893
148 14 4201
148 15 4509
148 16 4817
148 17 5125
148 18 5433
148 19 5741
148 20 6049
148 21 6357
148 22 6665
148 23 6973
148 24 7281
148 25 7589
148 26 7897
148 27 8205
148 28 8513
148 29 8821
148 30 9129
148 31 9437
148 32 9725
149 1 272
149 2 510
149 3 819
149 4 1130
149 5 1439
149 6 1749
149 7 2059
149 8 2369
149 9 2679
149 10 2989
149 11 3299
149 12 3609
149 13 3919
149 14 4230
149 15 4539
149 16 4850
149 17 5159
149 18 5470
149 19 5779
149 20 6090
149 21 6399
149 22 6709
149 23 7019
149 24 7329
149 25 7639
149 26 7949
149 27 8259
149 28 8569
149 29 8879
149 30 9190
149 31 9499
149 32 9790
150 1 273
150 2 514
150 3 826
150 4 1138
150 5 1450
150 6 1762
150 7 2074
150 8 2386
150 9 2698
150 10 3010
150 11 3322
150 12 3634
150 13 3946
150 14 4258
150 15 4570
150 16 4882
150 17 5194
150 18 5506
150 19 5818
150 20 6130
150 21 6442
150 22 6754
150 23 7066
150 24 7378
150 25 7690
150 26 8002
150 27 8314
150 28 8626
150 29 8938
150 30 9250
150 31 9562
150 32 9854
151 1 274
151 2 517
151 3 831
151 4 1145
151 5 1459
151 6 1773
151 7 2087
151 8 2401
151 9 2715
151 10 3029
151 11 3343
151 12 3657
151 13 3971
151 14 4285
151 15 4599
151 16 4913
151 17 5227
151 18 5541
151 19 5855
151 20 6169
151 21 6483
151 22 6797
151 23 7111
151 24 7425
151 25 7739
151 26 8053
151 27 8367
151 28 8681
151 29 8995
151 30 9309
151 31 9623
151 32 9917
152 1 275
152 2 521
152 3 837
152 4 1153
152 5 1469
152 6 1785
152 7 2101
152 8 2417
152 9 2733
152 10 3050
152 11 3365
152 12 3682
152 13 3997
152 14 4314
152 15 4629
152 16 4946
152 17 5261
152 18 5577
152 19 5893
152 20 6209
152 21 6525
152 22 6841
152 23 7157
152 24 7473
152 25 7789
152 26 8106
152 27 8421
152 28 8738
152 29 9053
152 30 9370
152 31 9685
152 32 9982
153 1 276
153 2 526
153 3 844
153 4 1162
153 5 1480
153 6 1798
153 7 2116
153 8 2434
153 9 2752
153 10 3070
153 11 3388
153 12 3706
153 13 4024
153 14 4342
153 15 4660
153 16 4978
153 17 5296
153 18 5614
153 19 5932
153 20 6250
153 21 6568
153 22 6886
153 23 7204
153 24 7522
153 25 7840
153 26 8158
153 27 8476
153 28 8794
153 29 9112
153 30 9430
153 31 9748
153 32 10046
154 1 277
154 2 529
154 3 849
154 4 1169
154 5 1489
154 6 1809
154 7 2129
154 8 2449
154 9 2769
154 10 3089
154 11 3409
154 12 3729
154 13 4049
154 14 4369
154 15 4689
154 16 5009
154 17 5329
154 18 5649
154 19 5969
154 20 6289
154 21 6609
154 22 6929
154 23 7249
154 24 7569
154 25 7889
154 26 8209
154 27 8529
154 28 8849
154 29 9169
154 30 9489
154 31 9809
154 32 10109
155 1 278
155 2 533
155 3 855
155 4 1177
155 5 1499
155 6 1821
155 7 2143
155 8 2466
155 9 2787
155 10 3110
155 11 3431
155 12 3754
155 13 4075
155 14 4398
155 15 4719
155 16 5041
155 17 5363
155 18 5685
155 19 6007
155 20 6329
155 21 6651
155 22 6973
155 23 7295
155 24 7618
155 25 7939
155 26 8262
155 27 8583
155 28 8906
155 29 9227
155 30 9550
155 31 9871
155 32 10173
156 1 279
156 2 538
156 3 862
156 4 1186
156 5 1510
156 6 1834
156 7 2158
156 8 2482
156 9 2806
156 10 3130
156 11 3454
156 12 3778
156 13 4102
156 14 4426
156 15 4750
156 16 5074
156 17 5398
156 18 5722
156 19 6046
156 20 6370
156 21 6694
156 22 7018
156 23 7342
156 24 7666
156 25 7990
156 26 8314
156 27 8638
156 28 8962
156 29 9286
156 30 9610
156 31 9934
156 32 10238
157 1 280
157 2 541
157 3 867
157 4 1193
157 5 1519
157 6 1845
157 7 2171
157 8 2497
157 9 2823
157 10 3149
157 11 3475
157 12 3801
157 13 4127
157 14 4453
157 15 4779
157 16 5105
157 17 5431
157 18 5757
157 19 6083
157 20 6409
157 21 6735
157 22 7061
157 23 7387
157 24 7713
157 25 8039
157 26 8365
157 27 8691
157 28 9017
157 29 9343
157 30 9669
157 31 9995
157 32 10301
158 1 281
158 2 545
158 3 873
158 4 1201
158 5 1530
158 6 1857
158 7 2186
158 8 2513
158 9 2842
158 10 3169
158 11 3498
158 12 3825
158 13 4153
158 14 4481
158 15 4809
158 16 5137
158 17 5465
158 18 5793
158 19 6121
158 20 6449
158 21 6778
158 22 7105
158 23 7434
158 24 7761
158 25 8090
158 26 8417
158 27 8746
158 28 9073
158 29 9401
158 30 9729
158 31 10057
158 32 10365
159 1 282
159 2 551
159 3 881
159 4 1211
159 5 1541
159 6 1871
159 7 2201
159 8 2531
159 9 2861
159 10 3191
159 11 3521
159 12 3851
159 13 4181
159 14 4511
159 15 4841
159 16 5171
159 17 5501
159 18 5831
159 19 6161
159 20 6491
159 21 6821
159 22 7151
159 23 7481
159 24 7811
159 25 8141
159 26 8471
159 27 8801
159 28 9131
159 29 9461
159 30 9791
159 31 10121
159 32 10431
160 1 283
160 2 554
160 3 886
160 4 1218
160 5 1550
160 6 1882
160 7 2214
160 8 2546
160 9 2878
160 10 3210
160 11 3542
160 12 3874
160 13 4206
160 14 4538
160 15 4870
160 16 5202
160 17 5534
160 18 5866
160 19 6198
160 20 6530
160 21 6862
160 22 7194
160 23 7526
160 24 7858
160 25 8190
160 26 8522
160 27 8854
160 28 9186
160 29 9518
160 30 9850
160 31 10182
160 32 10494
161 1 285
161 2 560
161 3 897
161 4 1232
161 5 1569
161 6 1904
161 7 2241
161 8 2576
161 9 2912
161 10 3248
161 11 3584
161 12 3920
161 13 4256
161 14 4592
161 15 4928
161 16 5264
161 17 5601
161 18 5936
161 19 6273
161 20 6608
161 21 6945
161 22 7280
161 23 7617
161 24 7952
161 25 8288
161 26 8624
161 27 8960
161 28 9296
161 29 9632
161 30 9968
161 31 10304
161 32 10620
162 1 286
162 2 564
162 3 901
162 4 1238
162 5 1575
162 6 1912
162 7 2249
162 8 2586
162 9 2923
162 10 3260
162 11 3597
162 12 3934
162 13 4271
162 14 4608
162 15 4945
162 16 5282
162 17 5619
162 18 5956
162 19 6293
162 20 6630
162 21 6967
162 22 7304
162 23 7641
162 24 7978
162 25 8315
162 26 8652
162 27 8989
162 28 9326
162 29 9663
162 30 10000
162 31 10337
162 32 10654
163 1 287
163 2 567
163 3 906
163 4 1245
163 5 1584
163 6 1923
163 7 2262
163 8 2601
163 9 2940
163 10 3279
163 11 3618
163 12 3957
163 13 4296
163 14 4635
163 15 4974
163 16 5313
163 17 5652
163 18 5991
163 19 6330
163 20 6669
163 21 7008
163 22 7347
163 23 7686
163 24 8025
163 25 8364
163 26 8703
163 27 9042
163 28 9381
163 29 9720
163 30 10059
163 31 10398
163 32 10717
164 1 288
164 2 572
164 3 912
164 4 1254
164 5 1594
164 6 1935
164 7 2276
164 8 2617
164 9 2958
164 10 3299
164 11 3640
164 12 3981
164 13 4322
164 14 4664
164 15 5004
164 16 5346
164 17 5686
164 18 6028
164 19 6368
164 20 6710
164 21 7050
164 22 7391
164 23 7732
164 24 8073
164 25 8414
164 26 8755
164 27 9096
164 28 9437
164 29 9778
164 30 10120
164 31 10460
164 32 10782
165 1 289
165 2 576
165 3 919
165 4 1262
165 5 1605
165 6 1948
165 7 2291
165 8 2634
165 9 2977
165 10 3320
165 11 3663
165 12 4006
165 13 4349
165 14 4692
165 15 5035
165 16 5378
165 17 5721
165 18 6064
165 19 6407
165 20 6750
165 21 7093
165 22 7436
165 23 7779
165 24 8122
165 25 8465
165 26 8808
165 27 9151
165 28 9494
165 29 9837
165 30 10180
165 31 10523
165 32 10846
166 1 290
166 2 579
166 3 924
166 4 1269
166 5 1614
166 6 1959
166 7 2304
166 8 2649
166 9 2994
166 10 3339
166 11 3684
166 12 4029
166 13 4374
166 14 4719
166 15 5064
166 16 5409
166 17 5754
166 18 6099
166 19 6444
166 20 6789
166 21 7134
166 22 7479
166 23 7824
166 24 8169
166 25 8514
166 26 8859
166 27 9204
166 28 9549
166 29 9894
166 30 10239
166 31 10584
166 32 10909
167 1 291
167 2 584
167 3 930
167 4 1277
167 5 1624
167 6 1971
167 7 2318
167 8 2665
167 9 3012
167 10 3359
167 11 3706
167 12 4054
167 13 4400
167 14 4748
167 15 5094
167 16 5442
167 17 5788
167 18 6136
167 19 6482
167 20 6829
167 21 7176
167 22 7523
167 23 7870
167 24 8217
167 25 8564
167 26 8911
167 27 9258
167 28 9606
167 29 9952
167 30 10300
167 31 10646
167 32 10974
168 1 292
168 2 588
168 3 937
168 4 1286
168 5 1635
168 6 1984
168 7 2333
168 8 2682
168 9 3031
168 10 3380
168 11 3729
168 12 4078
168 13 4427
168 14 4776
168 15 5125
168 16 5474
168 17 5823
168 18 6172
168 19 6521
168 20 6870
168 21 7219
168 22 7568
168 23 7917
168 24 8266
168 25 8615
168 26 8964
168 27 9313
168 28 9662
168 29 10011
168 30 10360
168 31 10709
168 32 11038
169 1 293
169 2 591
169 3 942
169 4 1293
169 5 1644
169 6 1995
169 7 2346
169 8 2697
169 9 3048
169 10 3399
169 11 3750
169 12 4101
169 13 4452
169 14 4803
169 15 5154
169 16 5505
169 17 5856
169 18 6207
169 19 6558
169 20 6909
169 21 7260
169 22 7611
169 23 7962
169 24 8313
169 25 8664
169 26 9015
169 27 9366
169 28 9717
169 29 10068
169 30 10419
169 31 10770
169 32 11101
170 1 294
170 2 595
170 3 948
170 4 1301
170 5 1654
170 6 2007
170 7 2360
170 8 2713
170 9 3067
170 10 3419
170 11 3773
170 12 4125
170 13 4479
170 14 4831
170 15 5185
170 16 5537
170 17 5890
170 18 6243
170 19 6596
170 20 6949
170 21 7302
170 22 7655
170 23 8008
170 24 8361
170 25 8715
170 26 9067
170 27 9421
170 28 9773
170 29 10127
170 30 10479
170 31 10833
170 32 11165
171 1 295
171 2 600
171 3 955
171 4 1310
171 5 1665
171 6 2020
171 7 2375
171 8 2730
171 9 3085
171 10 3440
171 11 3795
171 12 4150
171 13 4505
171 14 4860
171 15 5215
171 16 5570
171 17 5925
171 18 6280
171 19 6635
171 20 6990
171 21 7345
171 22 7700
171 23 8055
171 24 8410
171 25 8765
171 26 9120
171 27 9475
171 28 9830
171 29 10185
171 30 10540
171 31 10895
171 32 11230
172 1 296
172 2 603
172 3 960
172 4 1317
172 5 1674
172 6 2031
172 7 2388
172 8 2745
172 9 3102
172 10 3459
172 11 3816
172 12 4173
172 13 4530
172 14 4887
172 15 5244
172 16 5601
172 17 5958
172 18 6315
172 19 6672
172 20 7029
172 21 7386
172 22 7743
172 23 8100
172 24 8457
172 25 8814
172 26 9171
172 27 9528
172 28 9885
172 29 10242
172 30 10599
172 31 10956
172 32 11293
173 1 298
173 2 607
173 3 966
173 4 1325
173 5 1684
173 6 2044
173 7 2402
173 8 2762
173 9 3120
173 10 3480
173 11 3838
173 12 4198
173 13 4556
173 14 4915
173 15 5274
173 16 5633
173 17 5992
173 18 6351
173 19 6710
173 20 7069
173 21 7428
173 22 7788
173 23 8146
173 24 8506
173 25 8864
173 26 9224
173 27 9582
173 28 9942
173 29 10300
173 30 10659
173 31 11018
173 32 11357
174 1 299
174 2 612
174 3 973
174 4 1334
174 5 1695
174 6 2056
174 7 2417
174 8 2778
174 9 3139
174 10 3500
174 11 3861
174 12 4222
174 13 4583
174 14 4944
174 15 5305
174 16 5666
174 17 6027
174 18 6388
174 19 6749
174 20 7110
174 21 7471
174 22 7832
174 23 8193
174 24 8554
174 25 8915
174 26 9276
174 27 9637
174 28 9998
174 29 10359
174 30 10720
174 31 11081
174 32 11422
175 1 300
175 2 616
175 3 979
175 4 1343
175 5 1705
175 6 2069
175 7 2431
175 8 2795
175 9 3157
175 10 3521
175 11 3883
175 12 4246
175 13 4609
175 14 4972
175 15 5335
175 16 5698
175 17 6061
175 18 6424
175 19 6787
175 20 7151
175 21 7513
175 22 7877
175 23 8239
175 24 8603
175 25 8965
175 26 9329
175 27 9691
175 28 10054
175 29 10417
175 30 10780
175 31 11143
175 32 11486
176 1 301
176 2 621
176 3 986
176 4 1351
176 5 1716
176 6 2081
176 7 2446
176 8 2811
176 9 3176
176 10 3541
176 11 3906
176 12 4271
176 13 4636
176 14 5001
176 15 5366
176 16 5731
176 17 6096
176 18 6461
176 19 6826
176 20 7191
176 21 7556
176 22 7921
176 23 8286
176 24 8651
176 25 9016
176 26 9381
176 27 9746
176 28 10111
176 29 10476
176 30 10841
176 31 11206
176 32 11551
177 1 302
177 2 626
177 3 995
177 4 1364
177 5 1733
177 6 2102
177 7 2471
177 8 2840
177 9 3209
177 10 3578
177 11 3947
177 12 4316
177 13 4685
177 14 5054
177 15 5423
177 16 5792
177 17 6161
177 18 6530
177 19 6899
177 20 7268
177 21 7637
177 22 8006
177 23 8375
177 24 8744
177 25 9113
177 26 9482
177 27 9851
177 28 10220
177 29 10589
177 30 10958
177 31 11327
177 32 11676
178 1 303
178 2 630
178 3 999
178 4 1370
178 5 1739
178 6 2110
178 7 2479
178 8 2849
178 9 3219
178 10 3589
178 11 3959
178 12 4329
178 13 4699
178 14 5069
178 15 5439
178 16 5810
178 17 6179
178 18 6550
178 19 6919
178 20 7290
178 21 7659
178 22 8030
178 23 8399
178 24 8769
178 25 9139
178 26 9509
178 27 9879
178 28 10249
178 29 10619
178 30 10989
178 31 11359
178 32 11710
179 1 304
179 2 634
179 3 1006
179 4 1378
179 5 1750
179 6 2122
179 7 2494
179 8 2866
179 9 3238
179 10 3610
179 11 3982
179 12 4354
179 13 4726
179 14 5098
179 15 5470
179 16 5842
179 17 6214
179 18 6586
179 19 6958
179 20 7330
179 21 7702
179 22 8074
179 23 8446
179 24 8818
179 25 9190
179 26 9562
179 27 9934
179 28 10306
179 29 10678
179 30 11050
179 31 11422
179 32 11774
180 1 305
180 2 637
180 3 1011
180 4 1385
180 5 1759
180 6 2133
180 7 2507
180 8 2881
180 9 3255
180 10 3629
180 11 4003
180 12 4377
180 13 4751
180 14 5125
180 15 5499
180 16 5873
180 17 6247
180 18 6621
180 19 6995
180 20 7369
180 21 7743
180 22 8117
180 23 8491
180 24 8865
180 25 9239
180 26 9613
180 27 9987
180 28 10361
180 29 10735
180 30 11109
180 31 11483
180 32 11837
181 1 306
181 2 642
181 3 1017
181 4 1394
181 5 1769
181 6 2145
181 7 2521
181 8 2897
181 9 3273
181 10 3649
181 11 4025
181 12 4401
181 13 4777
181 14 5154
181 15 5529
181 16 5906
181 17 6281
181 18 6658
181 19 7033
181 20 7410
181 21 7785
181 22 8161
181 23 8537
181 24 8913
181 25 9289
181 26 9665
181 27 10041
181 28 10417
181 29 10793
181 30 11170
181 31 11545
181 32 11902
182 1 307
182 2 646
182 3 1024
182 4 1402
182 5 1780
182 6 2158
182 7 2536
182 8 2914
182 9 3292
182 10 3670
182 11 4048
182 12 4426
182 13 4804
182 14 5182
182 15 5560
182 16 5938
182 17 6316
182 18 6694
182 19 7072
182 20 7450
182 21 7828
182 22 8206
182 23 8584
182 24 8962
182 25 9340
182 26 9718
182 27 10096
182 28 10474
182 29 10852
182 30 11230
182 31 11608
182 32 11966
183 1 308
183 2 649
183 3 1029
183 4 1409
183 5 1789
183 6 2169
183 7 2549
183 8 2929
183 9 3309
183 10 3689
183 11 4069
183 12 4449
183 13 4829
183 14 5209
183 15 5589
183 16 5969
183 17 6349
183 18 6729
183 19 7109
183 20 7489
183 21 7869
183 22 8249
183 23 8629
183 24 9009
183 25 9389
183 26 9769
183 27 10149
183 28 10529
183 29 10909
183 30 11289
183 31 11669
183 32 12029
184 1 309
184 2 653
184 3 1035
184 4 1417
184 5 1799
184 6 2181
184 7 2563
184 8 2945
184 9 3327
184 10 3710
184 11 4091
184 12 4474
184 13 4855
184 14 5238
184 15 5619
184 16 6002
184 17 6383
184 18 6765
184 19 7147
184 20 7529
184 21 7911
184 22 8293
184 23 8675
184 24 9057
184 25 9439
184 26 9822
184 27 10203
184 28 10586
184 29 10967
184 30 11350
184 31 11731
184 32 12094
185 1 311
185 2 658
185 3 1042
185 4 1426
185 5 1810
185 6 2194
185 7 2578
185 8 2962
185 9 3346
185 10 3730
185 11 4114
185 12 4498
185 13 4882
185 14 5266
185 15 5650
185 16 6034
185 17 6418
185 18 6802
185 19 7186
185 20 7570
185 21 7954
185 22 8338
185 23 8722
185 24 9106
185 25 9490
185 26 9874
185 27 10258
185 28 10642
185 29 11026
185 30 11410
185 31 11794
185 32 12158
186 1 312
186 2 661
186 3 1047
186 4 1433
186 5 1819
186 6 2205
186 7 2591
186 8 2977
186 9 3363
186 10 3749
186 11 4135
186 12 4521
186 13 4907
186 14 5293
186 15 5679
186 16 6065
186 17 6451
186 18 6837
186 19 7223
186 20 7609
186 21 7995
186 22 8381
186 23 8767
186 24 9153
186 25 9539
186 26 9925
186 27 10311
186 28 10697
186 29 11083
186 30 11469
186 31 11855
186 32 12221
187 1 313
187 2 665
187 3 1053
187 4 1441
187 5 1829
187 6 2217
187 7 2605
187 8 2994
187 9 3381
187 10 3770
187 11 4157
187 12 4546
187 13 4933
187 14 5322
187 15 5709
187 16 6097
187 17 6485
187 18 6873
187 19 7261
187 20 7649
187 21 8037
187 22 8425
187 23 8813
187 24 9202
187 25 9589
187 26 9978
187 27 10365
187 28 10754
187 29 11141
187 30 11530
187 31 11917
187 32 12285
188 1 314
188 2 670
188 3 1060
188 4 1450
188 5 1840
188 6 2230
188 7 2620
188 8 3010
188 9 3400
188 10 3790
188 11 4180
188 12 4570
188 13 4960
188 14 5350
188 15 5740
188 16 6130
188 17 6520
188 18 6910
188 19 7300
188 20 7690
188 21 8080
188 22 8470
188 23 8860
188 24 9250
188 25 9640
188 26 10030
188 27 10420
188 28 10810
188 29 11200
188 30 11590
188 31 11980
188 32 12350
189 1 315
189 2 673
189 3 1065
189 4 1457
189 5 1849
189 6 2241
189 7 2633
189 8 3025
189 9 3417
189 10 3809
189 11 4201
189 12 4593
189 13 4985
189 14 5377
189 15 5769
189 16 6161
189 17 6553
189 18 6945
189 19 7337
189 20 7729
189 21 8121
189 22 8513
189 23 8905
189 24 9297
189 25 9689
189 26 10081
189 27 10473
189 28 10865
189 29 11257
189 30 11649
189 31 12041
189 32 12413
190 1 316
190 2 677
190 3 1071
190 4 1465
190 5 1860
190 6 2253
190 7 2648
190 8 3041
190 9 3436
190 10 3829
190 11 4224
190 12 4617
190 13 5011
190 14 5405
190 15 5799
190 16 6193
190 17 6587
190 18 6981
190 19 7375
190 20 7769
190 21 8164
190 22 8557
190 23 8952
190 24 9345
190 25 9740
190 26 10133
190 27 10528
190 28 10921
190 29 11315
190 30 11709
190 31 12103
190 32 12477
191 1 317
191 2 683
191 3 1079
191 4 1475
191 5 1871
191 6 2267
191 7 2663
191 8 3059
191 9 3455
191 10 3851
191 11 4247
191 12 4643
191 13 5039
191 14 5435
191 15 5831
191 16 6227
191 17 6623
191 18 7019
191 19 7415
191 20 7811
191 21 8207
191 22 8603
191 23 8999
191 24 9395
191 25 9791
191 26 10187
191 27 10583
191 28 10979
191 29 11375
191 30 11771
191 31 12167
191 32 12543
192 1 318
192 2 686
192 3 1084
192 4 1482
192 5 1880
192 6 2278
192 7 2676
192 8 3074
192 9 3472
192 10 3870
192 11 4268
192 12 4666
192 13 5064
192 14 5462
192 15 5860
192 16 6258
192 17 6656
192 18 7054
192 19 7452
192 20 7850
192 21 8248
192 22 8646
192 23 9044
192 24 9442
192 25 9840
192 26 10238
192 27 10636
192 28 11034
192 29 11432
192 30 11830
192 31 12228
192 32 12606
193 1 319
193 2 692
193 3 1095
193 4 1496
193 5 1899
193 6 2300
193 7 2703
193 8 3104
193 9 3506
193 10 3908
193 11 4310
193 12 4712
193 13 5114
193 14 5516
193 15 5918
193 16 6320
193 17 6723
193 18 7124
193 19 7527
193 20 7928
193 21 8331
193 22 8732
193 23 9135
193 24 9536
193 25 9938
193 26 10340
193 27 10742
193 28 11144
193 29 11546
193 30 11948
193 31 12350
193 32 12732
194 1 320
194 2 696
194 3 1099
194 4 1502
194 5 1905
194 6 2308
194 7 2711
194 8 3114
194 9 3517
194 10 3920
194 11 4323
194 12 4726
194 13 5129
194 14 5532
194 15 5935
194 16 6338
194 17 6741
194 18 7144
194 19 7547
194 20 7950
194 21 8353
194 22 8756
194 23 9159
194 24 9562
194 25 9965
194 26 10368
194 27 10771
194 28 11174
194 29 11577
194 30 11980
194 31 12383
194 32 12766
195 1 321
195 2 699
195 3 1104
195 4 1509
195 5 1914
195 6 2319
195 7 2724
195 8 3129
195 9 3534
195 10 3939
195 11 4344
195 12 4749
195 13 5154
195 14 5559
195 15 5964
195 16 6369
195 17 6774
195 18 7179
195 19 7584
195 20 7989
195 21 8394
195 22 8799
195 23 9204
195 24 9609
195 25 10014
195 26 10419
195 27 10824
195 28 11229
195 29 11634
195 30 12039
195 31 12444
195 32 12829
196 1 322
196 2 704
196 3 1110
196 4 1518
196 5 1924
196 6 2331
196 7 2738
196 8 3145
196 9 3552
196 10 3959
196 11 4366
196 12 4773
196 13 5180
196 14 5588
196 15 5994
196 16 6402
196 17 6808
196 18 7216
196 19 7622
196 20 8030
196 21 8436
196 22 8843
196 23 9250
196 24 9657
196 25 10064
196 26 10471
196 27 10878
196 28 11285
196 29 11692
196 30 12100
196 31 12506
196 32 12894
197 1 324
197 2 708
197 3 1117
197 4 1526
197 5 1935
197 6 2344
197 7 2753
197 8 3162
197 9 3571
197 10 3980
197 11 4389
197 12 4798
197 13 5207
197 14 5616
197 15 6025
197 16 6434
197 17 6843
197 18 7252
197 19 7661
197 20 8070
197 21 8479
197 22 8888
197 23 9297
197 24 9706
197 25 10115
197 26 10524
197 27 10933
197 28 11342
197 29 11751
197 30 12160
197 31 12569
197 32 12958
198 1 325
198 2 711
198 3 1122
198 4 1533
198 5 1944
198 6 2355
198 7 2766
198 8 3177
198 9 3588
198 10 3999
198 11 4410
198 12 4821
198 13 5232
198 14 5643
198 15 6054
198 16 6465
198 17 6876
198 18 7287
198 19 7698
198 20 8109
198 21 8520
198 22 8931
198 23 9342
198 24 9753
198 25 10164
198 26 10575
198 27 10986
198 28 11397
198 29 11808
198 30 12219
198 31 12630
198 32 13021
199 1 326
199 2 716
199 3 1128
199 4 1541
199 5 1954
199 6 2367
199 7 2780
199 8 3193
199 9 3606
199 10 4019
199 11 4432
199 12 4846
199 13 5258
199 14 5672
199 15 6084
199 16 6498
199 17 6910
199 18 7324
199 19 7736
199 20 8149
199 21 8562
199 22 8975
199 23 9388
199 24 9801
199 25 10214
199 26 10627
199 27 11040
199 28 11454
199 29 11866
199 30 12280
199 31 12692
199 32 13086
200 1 327
200 2 720
200 3 1135
200 4 1550
200 5 1965
200 6 2380
200 7 2795
200 8 3210
200 9 3625
200 10 4040
200 11 4455
200 12 4870
200 13 5285
200 14 5700
200 15 6115
200 16 6530
200 17 6945
200 18 7360
200 19 7775
200 20 8190
200 21 8605
200 22 9020
200 23 9435
200 24 9850
200 25 10265
200 26 10680
200 27 11095
200 28 11510
200 29 11925
200 30 12340
200 31 12755
200 32 13150
201 1 328
201 2 723
201 3 1140
201 4 1557
201 5 1974
201 6 2391
201 7 2808
201 8 3225
201 9 3642
201 10 4059
201 11 4476
201 12 4893
201 13 5310
201 14 5727
201 15 6144
201 16 6561
201 17 6978
201 18 7395
201 19 7812
201 20 8229
201 21 8646
201 22 9063
201 23 9480
201 24 9897
201 25 10314
201 26 10731
201 27 11148
201 28 11565
201 29 11982
201 30 12399
201 31 12816
201 32 13213
202 1 329
202 2 727
202 3 1146
202 4 1565
202 5 1984
202 6 2403
202 7 2822
202 8 3241
202 9 3661
202 10 4079
202 11 4499
202 12 4917
202 13 5337
202 14 5755
202 15 6175
202 16 6593
202 17 7012
202 18 7431
202 19 7850
202 20 8269
202 21 8688
202 22 9107
202 23 9526
202 24 9945
202 25 10365
202 26 10783
202 27 11203
202 28 11621
202 29 12041
202 30 12459
202 31 12879
202 32 13277
203 1 330
203 2 732
203 3 1153
203 4 1574
203 5 1995
203 6 2416
203 7 2837
203 8 3258
203 9 3679
203 10 4100
203 11 4521
203 12 4942
203 13 5363
203 14 5784
203 15 6205
203 16 6626
203 17 7047
203 18 7468
203 19 7889
203 20 8310
203 21 8731
203 22 9152
203 23 9573
203 24 9994
203 25 10415
203 26 10836
203 27 11257
203 28 11678
203 29 12099
203 30 12520
203 31 12941
203 32 13342
204 1 331
204 2 735
204 3 1158
204 4 1581
204 5 2004
204 6 2427
204 7 2850
204 8 3273
204 9 3696
204 10 4119
204 11 4542
204 12 4965
204 13 5388
204 14 5811
204 15 6234
204 16 6657
204 17 7080
204 18 7503
204 19 7926
204 20 8349
204 21 8772
204 22 9195
204 23 9618
204 24 10041
204 25 10464
204 26 10887
204 27 11310
204 28 11733
204 29 12156
204 30 12579
204 31 13002
204 32 13405
205 1 332
205 2 739
205 3 1164
205 4 1589
205 5 2014
205 6 2440
205 7 2864
205 8 3290
205 9 3714
205 10 4140
205 11 4564
205 12 4990
205 13 5414
205 14 5839
205 15 6264
205 16 6689
205 17 7114
205 18 7539
205 19 7964
205 20 8389
205 21 8814
205 22 9240
205 23 9664
205 24 10090
205 25 10514
205 26 10940
205 27 11364
205 28 11790
205 29 12214
205 30 12639
205 31 13064
205 32 13469
206 1 333
206 2 744
206 3 1171
206 4 1598
206 5 2025
206 6 2452
206 7 2879
206 8 3306
206 9 3733
206 10 4160
206 11 4587
206 12 5014
206 13 5441
206 14 5868
206 15 6295
206 16 6722
206 17 7149
206 18 7576
206 19 8003
206 20 8430
206 21 8857
206 22 9284
206 23 9711
206 24 10138
206 25 10565
206 26 10992
206 27 11419
206 28 11846
206 29 12273
206 30 12700
206 31 13127
206 32 13534
207 1 334
207 2 748
207 3 1177
207 4 1607
207 5 2035
207 6 2465
207 7 2893
207 8 3323
207 9 3751
207 10 4181
207 11 4609
207 12 5038
207 13 5467
207 14 5896
207 15 6325
207 16 6754
207 17 7183
207 18 7612
207 19 8041
207 20 8471
207 21 8899
207 22 9329
207 23 9757
207 24 10187
207 25 10615
207 26 11045
207 27 11473
207 28 11902
207 29 12331
207 30 12760
207 31 13189
207 32 13598
208 1 335
208 2 753
208 3 1184
208 4 1615
208 5 2046
208 6 2477
208 7 2908
208 8 3339
208 9 3770
208 10 4201
208 11 4632
208 12 5063
208 13 5494
208 14 5925
208 15 6356
208 16 6787
208 17 7218
208 18 7649
208 19 8080
208 20 8511
208 21 8942
208 22 9373
208 23 9804
208 24 10235
208 25 10666
208 26 11097
208 27 11528
208 28 11959
208 29 12390
208 30 12821
208 31 13252
208 32 13663
209 1 337
209 2 758
209 3 1193
209 4 1628
209 5 2063
209 6 2498
209 7 2933
209 8 3368
209 9 3803
209 10 4238
209 11 4673
209 12 5108
209 13 5543
209 14 5978
209 15 6413
209 16 6848
209 17 7283
209 18 7718
209 19 8153
209 20 8588
209 21 9023
209 22 9458
209 23 9893
209 24 10328
209 25 10763
209 26 11198
209 27 11633
209 28 12068
209 29 12503
209 30 12938
209 31 13373
209 32 13788
210 1 338
210 2 762
210 3 1197
210 4 1634
210 5 2069
210 6 2506
210 7 2941
210 8 3377
210 9 3813
210 10 4249
210 11 4685
210 12 5121
210 13 5557
210 14 5993
210 15 6429
210 16 6866
210 17 7301
210 18 7738
210 19 8173
210 20 8610
210 21 9045
210 22 9482
210 23 9917
210 24 10353
210 25 10789
210 26 11225
210 27 11661
210 28 12097
210 29 12533
210 30 12969
210 31 13405
210 32 13822
211 1 339
211 2 766
211 3 1204
211 4 1642
211 5 2080
211 6 2518
211 7 2956
211 8 3394
211 9 3832
211 10 4270
211 11 4708
211 12 5146
211 13 5584
211 14 6022
211 15 6460
211 16 6898
211 17 7336
211 18 7774
211 19 8212
211 20 8650
211 21 9088
211 22 9526
211 23 9964
211 24 10402
211 25 10840
211 26 11278
211 27 11716
211 28 12154
211 29 12592
211 30 13030
211 31 13468
211 32 13886
212 1 340
212 2 769
212 3 1209
212 4 1649
212 5 2089
212 6 2529
212 7 2969
212 8 3409
212 9 3849
212 10 4289
212 11 4729
212 12 5169
212 13 5609
212 14 6049
212 15 6489
212 16 6929
212 17 7369
212 18 7809
212 19 8249
212 20 8689
212 21 9129
212 22 9569
212 23 10009
212 24 10449
212 25 10889
212 26 11329
212 27 11769
212 28 12209
212 29 12649
212 30 13089
212 31 13529
212 32 13949
213 1 341
213 2 774
213 3 1215
213 4 1658
213 5 2099
213 6 2541
213 7 2983
213 8 3425
213 9 3867
213 10 4309
213 11 4751
213 12 5193
213 13 5635
213 14 6078
213 15 6519
213 16 6962
213 17 7403
213 18 7846
213 19 8287
213 20 8730
213 21 9171
213 22 9613
213 23 10055
213 24 10497
213 25 10939
213 26 11381
213 27 11823
213 28 12265
213 29 12707
213 30 13150
213 31 13591
213 32 14014
214 1 342
214 2 778
214 3 1222
214 4 1666
214 5 2110
214 6 2554
214 7 2998
214 8 3442
214 9 3886
214 10 4330
214 11 4774
214 12 5218
214 13 5662
214 14 6106
214 15 6550
214 16 6994
214 17 7438
214 18 7882
214 19 8326
214 20 8770
214 21 9214
214 22 9658
214 23 10102
214 24 10546
214 25 10990
214 26 11434
214 27 11878
214 28 12322
214 29 12766
214 30 13210
214 31 13654
214 32 14078
215 1 343
215 2 781
215 3 1227
215 4 1673
215 5 2119
215 6 2565
215 7 3011
215 8 3457
215 9 3903
215 10 4349
215 11 4795
215 12 5241
215 13 5687
215 14 6133
215 15 6579
215 16 7025
215 17 7471
215 18 7917
215 19 8363
215 20 8809
215 21 9255
215 22 9701
215 23 10147
215 24 10593
215 25 11039
215 26 11485
215 27 11931
215 28 12377
215 29 12823
215 30 13269
215 31 13715
215 32 14141
216 1 344
216 2 785
216 3 1233
216 4 1681
216 5 2129
216 6 2577
216 7 3025
216 8 3473
216 9 3921
216 10 4370
216 11 4817
216 12 5266
216 13 5713
216 14 6162
216 15 6609
216 16 7058
216 17 7505
216 18 7953
216 19 8401
216 20 8849
216 21 9297
216 22 9745
216 23 10193
216 24 10641
216 25 11089
216 26 11538
216 27 11985
216 28 12434
216 29 12881
216 30 13330
216 31 13777
216 32 14206
217 1 345
217 2 790
217 3 1240
217 4 1690
217 5 2140
217 6 2590
217 7 3040
217 8 3490
217 9 3940
217 10 4390
217 11 4840
217 12 5290
217 13 5740
217 14 6190
217 15 6640
217 16 7090
217 17 7540
217 18 7990
217 19 8440
217 20 8890
217 21 9340
217 22 9790
217 23 10240
217 24 10690
217 25 11140
217 26 11590
217 27 12040
217 28 12490
217 29 12940
217 30 13390
217 31 13840
217 32 14270
218 1 346
218 2 793
218 3 1245
218 4 1697
218 5 2149
218 6 2601
218 7 3053
218 8 3505
218 9 3957
218 10 4409
218 11 4861
218 12 5313
218 13 5765
218 14 6217
218 15 6669
218 16 7121
218 17 7573
218 18 8025
218 19 8477
218 20 8929
218 21 9381
218 22 9833
218 23 10285
218 24 10737
218 25 11189
218 26 11641
218 27 12093
218 28 12545
218 29 12997
218 30 13449
218 31 13901
218 32 14333
219 1 347
219 2 797
219 3 1251
219 4 1705
219 5 2159
219 6 2613
219 7 3067
219 8 3522
219 9 3975
219 10 4430
219 11 4883
219 12 5338
219 13 5791
219 14 6246
219 15 6699
219 16 7153
219 17 7607
219 18 8061
219 19 8515
219 20 8969
219 21 9423
219 22 9877
219 23 10331
219 24 10786
219 25 11239
219 26 11694
219 27 12147
219 28 12602
219 29 13055
219 30 13510
219 31 13963
219 32 14397
220 1 348
220 2 802
220 3 1258
220 4 1714
220 5 2170
220 6 2626
220 7 3082
220 8 3538
220 9 3994
220 10 4450
220 11 4906
220 12 5362
220 13 5818
220 14 6274
220 15 6730
220 16 7186
220 17 7642
220 18 8098
220 19 8554
220 20 9010
220 21 9466
220 22 9922
220 23 10378
220 24 10834
220 25 11290
220 26 11746
220 27 12202
220 28 12658
220 29 13114
220 30 13570
220 31 14026
220 32 14462
221 1 350
221 2 805
221 3 1263
221 4 1721
221 5 2179
221 6 2637
221 7 3095
221 8 3553
221 9 4011
221 10 4469
221 11 4927
221 12 5385
221 13 5843
221 14 6301
221 15 6759
221 16 7217
221 17 7675
221 18 8133
221 19 8591
221 20 9049
221 21 9507
221 22 9965
221 23 10423
221 24 10881
221 25 11339
221 26 11797
221 27 12255
221 28 12713
221 29 13171
221 30 13629
221 31 14087
221 32 14525
222 1 351
222 2 809
222 3 1269
222 4 1729
222 5 2190
222 6 2649
222 7 3110
222 8 3569
222 9 4030
222 10 4489
222 11 4950
222 12 5409
222 13 5869
222 14 6329
222 15 6789
222 16 7249
222 17 7709
222 18 8169
222 19 8629
222 20 9089
222 21 9550
222 22 10009
222 23 10470
222 24 10929
222 25 11390
222 26 11849
222 27 12310
222 28 12769
222 29 13229
222 30 13689
222 31 14149
222 32 14589
223 1 352
223 2 815
223 3 1277
223 4 1739
223 5 2201
223 6 2663
223 7 3125
223 8 3587
223 9 4049
223 10 4511
223 11 4973
223 12 5435
223 13 5897
223 14 6359
223 15 6821
223 16 7283
223 17 7745
223 18 8207
223 19 8669
223 20 9131
223 21 9593
223 22 10055
223 23 10517
223 24 10979
223 25 11441
223 26 11903
223 27 12365
223 28 12827
223 29 13289
223 30 13751
223 31 14213
223 32 14655
224 1 354
224 2 818
224 3 1282
224 4 1746
224 5 2210
224 6 2674
224 7 3138
224 8 3602
224 9 4066
224 10 4530
224 11 4994
224 12 5458
224 13 5922
224 14 6386
224 15 6850
224 16 7314
224 17 7778
224 18 8242
224 19 8706
224 20 9170
224 21 9634
224 22 10098
224 23 10562
224 24 11026
224 25 11490
224 26 11954
224 27 12418
224 28 12882
224 29 13346
224 30 13810
224 31 14274
224 32 14718
225 1 357
225 2 824
225 3 1293
225 4 1760
225 5 2229
225 6 2696
225 7 3165
225 8 3632
225 9 4100
225 10 4568
225 11 5036
225 12 5504
225 13 5972
225 14 6440
225 15 6908
225 16 7376
225 17 7845
225 18 8312
225 19 8781
225 20 9248
225 21 9717
225 22 10184
225 23 10653
225 24 11120
225 25 11588
225 26 12056
225 27 12524
225 28 12992
225 29 13460
225 30 13928
225 31 14396
225 32 14844
226 1 358
226 2 828
226 3 1297
226 4 1766
226 5 2235
226 6 2704
226 7 3173
226 8 3642
226 9 4111
226 10 4580
226 11 5049
226 12 5518
226 13 5987
226 14 6456
226 15 6925
226 16 7394
226 17 7863
226 18 8332
226 19 8801
226 20 9270
226 21 9739
226 22 10208
226 23 10677
226 24 11146
226 25 11615
226 26 12084
226 27 12553
226 28 13022
226 29 13491
226 30 13960
226 31 14429
226 32 14878
227 1 360
227 2 831
227 3 1302
227 4 1773
227 5 2244
227 6 2715
227 7 3186
227 8 3657
227 9 4128
227 10 4599
227 11 5070
227 12 5541
227 13 6012
227 14 6483
227 15 6954
227 16 7425
227 17 7896
227 18 8367
227 19 8838
227 20 9309
227 21 9780
227 22 10251
227 23 10722
227 24 11193
227 25 11664
227 26 12135
227 27 12606
227 28 13077
227 29 13548
227 30 14019
227 31 14490
227 32 14941
228 1 363
228 2 835
228 3 1309
228 4 1781
228 5 2255
228 6 2727
228 7 3200
228 8 3673
228 9 4146
228 10 4619
228 11 5092
228 12 5565
228 13 6038
228 14 6511
228 15 6985
228 16 7457
228 17 7931
228 18 8403
228 19 8877
228 20 9349
228 21 9823
228 22 10295
228 23 10768
228 24 11241
228 25 11714
228 26 12187
228 27 12660
228 28 13133
228 29 13606
228 30 14079
228 31 14553
228 32 15005
229 1 364
229 2 840
229 3 1315
229 4 1790
229 5 2265
229 6 2740
229 7 3215
229 8 3690
229 9 4165
229 10 4640
229 11 5115
229 12 5590
229 13 6065
229 14 6540
229 15 7015
229 16 7490
229 17 7965
229 18 8440
229 19 8915
229 20 9390
229 21 9865
229 22 10340
229 23 10815
229 24 11290
229 25 11765
229 26 12240
229 27 12715
229 28 13190
229 29 13665
229 30 14140
229 31 14615
229 32 15070
230 1 366
230 2 843
230 3 1320
230 4 1797
230 5 2274
230 6 2751
230 7 3228
230 8 3705
230 9 4182
230 10 4659
230 11 5136
230 12 5613
230 13 6090
230 14 6567
230 15 7044
230 16 7521
230 17 7998
230 18 8475
230 19 8952
230 20 9429
230 21 9906
230 22 10383
230 23 10860
230 24 11337
230 25 11814
230 26 12291
230 27 12768
230 28 13245
230 29 13722
230 30 14199
230 31 14676
230 32 15133
231 1 369
231 2 847
231 3 1326
231 4 1805
231 5 2284
231 6 2763
231 7 3242
231 8 3721
231 9 4200
231 10 4679
231 11 5159
231 12 5637
231 13 6117
231 14 6595
231 15 7075
231 16 7553
231 17 8033
231 18 8511
231 19 8990
231 20 9469
231 21 9948
231 22 10427
231 23 10906
231 24 11385
231 25 11864
231 26 12343
231 27 12823
231 28 13301
231 29 13781
231 30 14259
231 31 14739
231 32 15197
232 1 370
232 2 852
232 3 1333
232 4 1814
232 5 2295
232 6 2776
232 7 3257
232 8 3738
232 9 4219
232 10 4700
232 11 5181
232 12 5662
232 13 6143
232 14 6624
232 15 7105
232 16 7586
232 17 8067
232 18 8548
232 19 9029
232 20 9510
232 21 9991
232 22 10472
232 23 10953
232 24 11434
232 25 11915
232 26 12396
232 27 12877
232 28 13358
232 29 13839
232 30 14320
232 31 14801
232 32 15262
233 1 372
233 2 855
233 3 1338
233 4 1821
233 5 2304
233 6 2787
233 7 3270
233 8 3753
233 9 4236
233 10 4719
233 11 5202
233 12 5685
233 13 6168
233 14 6651
233 15 7134
233 16 7617
233 17 8100
233 18 8583
233 19 9066
233 20 9549
233 21 10032
233 22 10515
233 23 10998
233 24 11481
233 25 11964
233 26 12447
233 27 12930
233 28 13413
233 29 13896
233 30 14379
233 31 14862
233 32 15325
234 1 375
234 2 859
234 3 1344
234 4 1829
234 5 2314
234 6 2799
234 7 3284
234 8 3769
234 9 4255
234 10 4739
234 11 5225
234 12 5709
234 13 6195
234 14 6679
234 15 7165
234 16 7649
234 17 8134
234 18 8619
234 19 9104
234 20 9589
234 21 10074
234 22 10559
234 23 11044
234 24 11529
234 25 12015
234 26 12499
234 27 12985
234 28 13469
234 29 13955
234 30 14439
234 31 14925
234 32 15389
235 1 376
235 2 864
235 3 1351
235 4 1838
235 5 2325
235 6 2812
235 7 3299
235 8 3786
235 9 4273
235 10 4760
235 11 5247
235 12 5734
235 13 6221
235 14 6708
235 15 7195
235 16 7682
235 17 8169
235 18 8656
235 19 9143
235 20 9630
235 21 10117
235 22 10604
235 23 11091
235 24 11578
235 25 12065
235 26 12552
235 27 13039
235 28 13526
235 29 14013
235 30 14500
235 31 14987
235 32 15454
236 1 378
236 2 867
236 3 1356
236 4 1845
236 5 2334
236 6 2823
236 7 3312
236 8 3801
236 9 4290
236 10 4779
236 11 5268
236 12 5757
236 13 6246
236 14 6735
236 15 7224
236 16 7713
236 17 8202
236 18 8691
236 19 9180
236 20 9669
236 21 10158
236 22 10647
236 23 11136
236 24 11625
236 25 12114
236 26 12603
236 27 13092
236 28 13581
236 29 14070
236 30 14559
236 31 15048
236 32 15517
237 1 381
237 2 871
237 3 1362
237 4 1853
237 5 2344
237 6 2836
237 7 3326
237 8 3818
237 9 4308
237 10 4800
237 11 5290
237 12 5782
237 13 6272
237 14 6763
237 15 7254
237 16 7745
237 17 8236
237 18 8727
237 19 9218
237 20 9709
237 21 10200
237 22 10692
237 23 11182
237 24 11674
237 25 12164
237 26 12656
237 27 13146
237 28 13638
237 29 14128
237 30 14619
237 31 15110
237 32 15581
238 1 382
238 2 876
238 3 1369
238 4 1862
238 5 2355
238 6 2848
238 7 3341
238 8 3834
238 9 4327
238 10 4820
238 11 5313
238 12 5806
238 13 6299
238 14 6792
238 15 7285
238 16 7778
238 17 8271
238 18 8764
238 19 9257
238 20 9750
238 21 10243
238 22 10736
238 23 11229
238 24 11722
238 25 12215
238 26 12708
238 27 13201
238 28 13694
238 29 14187
238 30 14680
238 31 15173
238 32 15646
239 1 385
239 2 880
239 3 1375
239 4 1871
239 5 2365
239 6 2861
239 7 3355
239 8 3851
239 9 4345
239 10 4841
239 11 5335
239 12 5830
239 13 6325
239 14 6820
239 15 7315
239 16 7810
239 17 8305
239 18 8800
239 19 9295
239 20 9791
239 21 10285
239 22 10781
239 23 11275
239 24 11771
239 25 12265
239 26 12761
239 27 13255
239 28 13750
239 29 14245
239 30 14740
239 31 15235
239 32 15710
240 1 388
240 2 885
240 3 1382
240 4 1879
240 5 2376
240 6 2873
240 7 3370
240 8 3867
240 9 4364
240 10 4861
240 11 5358
240 12 5855
240 13 6352
240 14 6849
240 15 7346
240 16 7843
240 17 8340
240 18 8837
240 19 9334
240 20 9831
240 21 10328
240 22 10825
240 23 11322
240 24 11819
240 25 12316
240 26 12813
240 27 13310
240 28 13807
240 29 14304
240 30 14801
240 31 15298
240 32 15775
241 1 389
241 2 890
241 3 1391
241 4 1892
241 5 2393
241 6 2894
241 7 3395
241 8 3896
241 9 4397
241 10 4898
241 11 5399
241 12 5900
241 13 6401
241 14 6902
241 15 7403
241 16 7904
241 17 8405
241 18 8906
241 19 9407
241 20 9908
241 21 10409
241 22 10910
241 23 11411
241 24 11912
241 25 12413
241 26 12914
241 27 13415
241 28 13916
241 29 14417
241 30 14918
241 31 15419
241 32 15900
242 1 391
242 2 894
242 3 1395
242 4 1898
242 5 2399
242 6 2902
242 7 3403
242 8 3905
242 9 4407
242 10 4909
242 11 5411
242 12 5913
242 13 6415
242 14 6917
242 15 7419
242 16 7922
242 17 8423
242 18 8926
242 19 9427
242 20 9930
242 21 10431
242 22 10934
242 23 11435
242 24 11937
242 25 12439
242 26 12941
242 27 13443
242 28 13945
242 29 14447
242 30 14949
242 31 15451
242 32 15934
243 1 394
243 2 898
243 3 1402
243 4 1906
243 5 2410
243 6 2914
243 7 3418
243 8 3922
243 9 4426
243 10 4930
243 11 5434
243 12 5938
243 13 6442
243 14 6946
243 15 7450
243 16 7954
243 17 8458
243 18 8962
243 19 9466
243 20 9970
243 21 10474
243 22 10978
243 23 11482
243 24 11986
243 25 12490
243 26 12994
243 27 13498
243 28 14002
243 29 14506
243 30 15010
243 31 15514
243 32 15998
244 1 395
244 2 901
244 3 1407
244 4 1913
244 5 2419
244 6 2925
244 7 3431
244 8 3937
244 9 4443
244 10 4949
244 11 5455
244 12 5961
244 13 6467
244 14 6973
244 15 7479
244 16 7985
244 17 8491
244 18 8997
244 19 9503
244 20 10009
244 21 10515
244 22 11021
244 23 11527
244 24 12033
244 25 12539
244 26 13045
244 27 13551
244 28 14057
244 29 14563
244 30 15069
244 31 15575
244 32 16061
245 1 397
245 2 906
245 3 1413
245 4 1922
245 5 2429
245 6 2937
245 7 3445
245 8 3953
245 9 4461
245 10 4969
245 11 5477
245 12 5985
245 13 6493
245 14 7002
245 15 7509
245 16 8018
245 17 8525
245 18 9034
245 19 9541
245 20 10050
245 21 10557
245 22 11065
245 23 11573
245 24 12081
245 25 12589
245 26 13097
245 27 13605
245 28 14113
245 29 14621
245 30 15130
245 31 15637
245 32 16126
246 1 400
246 2 910
246 3 1420
246 4 1930
246 5 2440
246 6 2950
246 7 3460
246 8 3970
246 9 4480
246 10 4990
246 11 5500
246 12 6010
246 13 6520
246 14 7030
246 15 7540
246 16 8050
246 17 8560
246 18 9070
246 19 9580
246 20 10090
246 21 10600
246 22 11110
246 23 11620
246 24 12130
246 25 12640
246 26 13150
246 27 13660
246 28 14170
246 29 14680
246 30 15190
246 31 15700
246 32 16190
247 1 401
247 2 913
247 3 1425
247 4 1937
247 5 2449
247 6 2961
247 7 3473
247 8 3985
247 9 4497
247 10 5009
247 11 5521
247 12 6033
247 13 6545
247 14 7057
247 15 7569
247 16 8081
247 17 8593
247 18 9105
247 19 9617
247 20 10129
247 21 10641
247 22 11153
247 23 11665
247 24 12177
247 25 12689
247 26 13201
247 27 13713
247 28 14225
247 29 14737
247 30 15249
247 31 15761
247 32 16253
248 1 403
248 2 917
248 3 1431
248 4 1945
248 5 2459
248 6 2973
248 7 3487
248 8 4001
248 9 4515
248 10 5030
248 11 5543
248 12 6058
248 13 6571
248 14 7086
248 15 7599
248 16 8114
248 17 8627
248 18 9141
248 19 9655
248 20 10169
248 21 10683
248 22 11197
248 23 11711
248 24 12225
248 25 12739
248 26 13254
248 27 13767
248 28 14282
248 29 14795
248 30 15310
248 31 15823
248 32 16318
249 1 406
249 2 922
249 3 1438
249 4 1954
249 5 2470
249 6 2986
249 7 3502
249 8 4018
249 9 4534
249 10 5050
249 11 5566
249 12 6082
249 13 6598
249 14 7114
249 15 7630
249 16 8146
249 17 8662
249 18 9178
249 19 9694
249 20 10210
249 21 10726
249 22 11242
249 23 11758
249 24 12274
249 25 12790
249 26 13306
249 27 13822
249 28 14338
249 29 14854
249 30 15370
249 31 15886
249 32 16382
250 1 407
250 2 925
250 3 1443
250 4 1961
250 5 2479
250 6 2997
250 7 3515
250 8 4033
250 9 4551
250 10 5069
250 11 5587
250 12 6105
250 13 6623
250 14 7141
250 15 7659
250 16 8177
250 17 8695
250 18 9213
250 19 9731
250 20 10249
250 21 10767
250 22 11285
250 23 11803
250 24 12321
250 25 12839
250 26 13357
250 27 13875
250 28 14393
250 29 14911
250 30 15429
250 31 15947
250 32 16445
251 1 409
251 2 929
251 3 1449
251 4 1969
251 5 2489
251 6 3009
251 7 3529
251 8 4050
251 9 4569
251 10 5090
251 11 5609
251 12 6130
251 13 6649
251 14 7170
251 15 7689
251 16 8209
251 17 8729
251 18 9249
251 19 9769
251 20 10289
251 21 10809
251 22 11329
251 23 11849
251 24 12370
251 25 12889
251 26 13410
251 27 13929
251 28 14450
251 29 14969
251 30 15490
251 31 16009
251 32 16509
252 1 412
252 2 934
252 3 1456
252 4 1978
252 5 2500
252 6 3022
252 7 3544
252 8 4066
252 9 4588
252 10 5110
252 11 5632
252 12 6154
252 13 6676
252 14 7198
252 15 7720
252 16 8242
252 17 8764
252 18 9286
252 19 9808
252 20 10330
252 21 10852
252 22 11374
252 23 11896
252 24 12418
252 25 12940
252 26 13462
252 27 13984
252 28 14506
252 29 15028
252 30 15550
252 31 16072
252 32 16574
253 1 413
253 2 937
253 3 1461
253 4 1985
253 5 2509
253 6 3033
253 7 3557
253 8 4081
253 9 4605
253 10 5129
253 11 5653
253 12 6177
253 13 6701
253 14 7225
253 15 7749
253 16 8273
253 17 8797
253 18 9321
253 19 9845
253 20 10369
253 21 10893
253 22 11417
253 23 11941
253 24 12465
253 25 12989
253 26 13513
253 27 14037
253 28 14561
253 29 15085
253 30 15609
253 31 16133
253 32 16637
254 1 415
254 2 941
254 3 1467
254 4 1993
254 5 2520
254 6 3045
254 7 3572
254 8 4097
254 9 4624
254 10 5149
254 11 5676
254 12 6201
254 13 6727
254 14 7253
254 15 7779
254 16 8305
254 17 8831
254 18 9357
254 19 9883
254 20 10409
254 21 10936
254 22 11461
254 23 11988
254 24 12513
254 25 13040
254 26 13565
254 27 14092
254 28 14617
254 29 15143
254 30 15669
254 31 16195
254 32 16701
255 1 419
255 2 947
255 3 1475
255 4 2003
255 5 2531
255 6 3059
255 7 3587
255 8 4115
255 9 4643
255 10 5171
255 11 5699
255 12 6227
255 13 6755
255 14 7283
255 15 7811
255 16 8339
255 17 8867
255 18 9395
255 19 9923
255 20 10451
255 21 10979
255 22 11507
255 23 12035
255 24 12563
255 25 13091
255 26 13619
255 27 14147
255 28 14675
255 29 15203
255 30 15731
255 31 16259
255 32 16767
256 1 420
256 2 950
256 3 1480
256 4 2010
256 5 2540
256 6 3070
256 7 3600
256 8 4130
256 9 4660
256 10 5190
256 11 5720
256 12 6250
256 13 6780
256 14 7310
256 15 7840
256 16 8370
256 17 8900
256 18 9430
256 19 9960
256 20 10490
256 21 11020
256 22 11550
256 23 12080
256 24 12610
256 25 13140
256 26 13670
256 27 14200
256 28 14730
256 29 15260
256 30 15790
256 31 16320
256 32 16830
